-1.5873e-06 -2.30418e-22
-3.1746e-06 -8.49272e-22
-4.7619e-06 -1.82704e-21
-6.34921e-06 -2.45256e-21
-7.93651e-06 -8.01506e-22
-9.52381e-06 -1.0916e-21
-1.11111e-05 -1.4687e-21
-1.26984e-05 -3.06356e-21
-1.42857e-05 -6.80362e-21
-1.5873e-05 -1.31044e-21
-1.74603e-05 -3.81959e-22
-1.90476e-05 -2.27465e-21
-2.06349e-05 -6.91074e-21
-2.22222e-05 -3.91566e-21
-2.38095e-05 -9.14306e-21
-2.53968e-05 -4.84715e-21
-2.69841e-05 -6.69395e-21
-2.85714e-05 -1.34467e-20
-3.01587e-05 3.27138e-21
-3.1746e-05 -6.79615e-21
-3.33333e-05 -5.20579e-21
-3.49206e-05 -1.22146e-20
-3.65079e-05 -1.37427e-20
-3.80952e-05 -2.52548e-20
-3.96825e-05 -1.09784e-22
-4.12698e-05 1.32463e-20
-4.28571e-05 -1.50761e-22
-4.44444e-05 2.21488e-22
-4.60317e-05 -1.46658e-20
-4.7619e-05 -1.23019e-20
-4.92063e-05 -1.98894e-20
-5.07937e-05 1.884e-20
-5.2381e-05 2.08415e-21
-5.39683e-05 -1.18061e-20
-5.55556e-05 -2.5197e-20
-5.71429e-05 -1.36827e-20
-5.87302e-05 -2.09608e-20
-6.03175e-05 -2.64867e-21
-6.19048e-05 -1.56863e-20
-6.34921e-05 -9.97819e-21
-6.50794e-05 -2.14915e-20
-6.66667e-05 1.30807e-21
-6.8254e-05 -2.19896e-20
-6.98413e-05 -1.04392e-20
-7.14286e-05 -1.41184e-20
-7.30159e-05 -9.67856e-21
-7.46032e-05 -2.52274e-20
-7.61905e-05 -3.86325e-20
-7.77778e-05 -8.05319e-21
-7.93651e-05 -2.22663e-20
-8.09524e-05 -3.1371e-20
-8.25397e-05 -2.791e-20
-8.4127e-05 -4.54676e-20
-8.57143e-05 -3.47263e-20
-8.73016e-05 -3.38285e-20
-8.88889e-05 7.97189e-20
-9.04762e-05 -4.17732e-20
-9.20635e-05 1.7527e-20
-9.36508e-05 1.86672e-20
-9.52381e-05 1.27531e-20
-9.68254e-05 5.01964e-22
-9.84127e-05 -1.92481e-20
-0.0001 -1.68318e-20
-0.000101587 -2.65648e-20
-0.000103175 -3.71759e-20
-0.000104762 6.25379e-20
-0.000106349 -4.05259e-20
-0.000107937 -1.248e-20
-0.000109524 -3.81187e-20
-0.000111111 1.92214e-20
-0.000112698 3.39566e-20
-0.000114286 1.84314e-20
-0.000115873 1.7746e-20
-0.00011746 3.32664e-21
-0.000119048 -2.03029e-20
-0.000120635 -2.69254e-21
-0.000122222 -1.57625e-20
-0.00012381 -3.97083e-20
-0.000125397 -2.05531e-20
-0.000126984 -2.04685e-20
-0.000128571 1.46222e-20
-0.000130159 1.9462e-20
-0.000131746 2.08612e-20
-0.000133333 1.35379e-20
-0.000134921 -2.1602e-20
-0.000136508 -4.517e-21
-0.000138095 5.67629e-21
-0.000139683 -1.10519e-20
-0.00014127 -1.6886e-20
-0.000142857 -4.61808e-20
-0.000144444 -7.20328e-20
-0.000146032 -9.04507e-21
-0.000147619 -3.73745e-20
-0.000149206 -6.46506e-20
-0.000150794 -3.90526e-20
-0.000152381 -3.80345e-20
-0.000153968 1.18246e-20
-0.000155556 5.95609e-21
-0.000157143 -2.19553e-20
-0.00015873 -4.83897e-20
-0.000160317 -7.2524e-20
-0.000161905 4.12348e-20
-0.000163492 2.42878e-20
-0.000165079 5.3525e-20
-0.000166667 1.19636e-19
-0.000168254 6.6344e-20
-0.000169841 -2.67181e-21
-0.000171429 2.58983e-20
-0.000173016 -5.60446e-20
-0.000174603 -4.9616e-20
-0.00017619 7.40135e-20
-0.000177778 -6.50059e-20
-0.000179365 -8.92356e-20
-0.000180952 4.38844e-20
-0.00018254 -3.52764e-20
-0.000184127 1.56786e-20
-0.000185714 1.26164e-19
-0.000187302 -8.13281e-20
-0.000188889 -2.43172e-20
-0.000190476 1.18872e-19
-0.000192063 1.5212e-20
-0.000193651 4.56284e-20
-0.000195238 -1.01413e-20
-0.000196825 4.85283e-20
-0.000198413 -1.65548e-21
-0.0002 1.27184e-20
-0.000201587 -3.00787e-20
-0.000203175 -5.50459e-20
-0.000204762 -2.15313e-20
-0.000206349 4.34751e-21
-0.000207937 2.10038e-20
-0.000209524 3.49239e-21
-0.000211111 -2.50351e-20
-0.000212698 -2.29349e-20
-0.000214286 -5.88874e-20
-0.000215873 -1.38998e-20
-0.00021746 -1.00116e-20
-0.000219048 -6.8454e-21
-0.000220635 -2.81892e-20
-0.000222222 1.88369e-21
-0.00022381 6.00197e-20
-0.000225397 4.37793e-20
-0.000226984 8.23356e-20
-0.000228571 1.36157e-20
-0.000230159 4.78776e-20
-0.000231746 4.6054e-20
-0.000233333 1.2481e-19
-0.000234921 -4.70473e-21
-0.000236508 2.99608e-21
-0.000238095 3.37994e-20
-0.000239683 7.98686e-20
-0.00024127 6.14159e-20
-0.000242857 6.44944e-20
-0.000244444 9.21979e-20
-0.000246032 -5.68144e-20
-0.000247619 2.78316e-20
-0.000249206 -1.0734e-19
-0.000250794 -2.51718e-21
-0.000252381 -3.44125e-20
-0.000253968 4.46779e-20
-0.000255556 2.97524e-20
-0.000257143 1.16713e-19
-0.00025873 1.30397e-19
-0.000260317 -4.45422e-20
-0.000261905 2.6756e-20
-0.000263492 -3.44116e-20
-0.000265079 -8.14999e-20
-0.000266667 -2.45316e-20
-0.000268254 -1.46401e-19
-0.000269841 -3.61103e-20
-0.000271429 3.5241e-20
-0.000273016 5.04483e-20
-0.000274603 1.15016e-19
-0.00027619 1.21403e-19
-0.000277778 1.44457e-19
-0.000279365 2.4863e-19
-0.000280952 -6.17303e-20
-0.00028254 8.68389e-20
-0.000284127 -1.14563e-19
-0.000285714 -7.92904e-20
-0.000287302 -1.69808e-19
-0.000288889 4.50128e-21
-0.000290476 9.74634e-20
-0.000292063 4.30758e-20
-0.000293651 -8.67373e-20
-0.000295238 -3.00809e-20
-0.000296825 1.16503e-19
-0.000298413 -1.78352e-19
-0.0003 2.80969e-19
-0.000301587 1.00965e-19
-0.000303175 8.92188e-20
-0.000304762 -3.79129e-20
-0.000306349 5.86318e-20
-0.000307937 -2.49374e-20
-0.000309524 1.08322e-19
-0.000311111 -4.09741e-20
-0.000312698 1.82484e-20
-0.000314286 -4.62303e-20
-0.000315873 -1.07108e-20
-0.00031746 2.50764e-20
-0.000319048 1.70313e-19
-0.000320635 -2.49208e-20
-0.000322222 -9.93822e-20
-0.00032381 -1.59681e-19
-0.000325397 3.57076e-20
-0.000326984 2.02927e-19
-0.000328571 -1.20845e-19
-0.000330159 1.22641e-19
-0.000331746 1.49682e-19
-0.000333333 -4.91891e-20
-0.000334921 -1.31686e-19
-0.000336508 9.66304e-21
-0.000338095 1.42777e-20
-0.000339683 1.38574e-19
-0.00034127 9.14622e-21
-0.000342857 6.1828e-20
-0.000344444 3.24945e-19
-0.000346032 3.05846e-19
-0.000347619 2.92743e-19
-0.000349206 1.79342e-19
-0.000350794 7.6434e-20
-0.000352381 1.30419e-19
-0.000353968 -2.40969e-20
-0.000355556 8.12534e-21
-0.000357143 9.69939e-20
-0.00035873 7.06819e-20
-0.000360317 7.44872e-20
-0.000361905 1.40346e-19
-0.000363492 2.20233e-19
-0.000365079 2.01725e-20
-0.000366667 4.16978e-20
-0.000368254 5.48945e-20
-0.000369841 1.0027e-19
-0.000371429 1.37709e-19
-0.000373016 1.05746e-19
-0.000374603 7.81666e-20
-0.00037619 9.79156e-20
-0.000377778 1.50264e-19
-0.000379365 -3.97596e-20
-0.000380952 3.6157e-21
-0.00038254 2.7609e-20
-0.000384127 -1.54449e-20
-0.000385714 1.54355e-19
-0.000387302 -2.48197e-20
-0.000388889 8.58454e-20
-0.000390476 1.47465e-19
-0.000392063 6.13026e-20
-0.000393651 3.97948e-20
-0.000395238 1.78444e-19
-0.000396825 6.57664e-20
-0.000398413 1.99095e-20
-0.0004 1.64111e-19
-0.000401587 1.97111e-19
-0.000403175 1.2295e-20
-0.000404762 9.5616e-20
-0.000406349 2.32804e-19
-0.000407937 1.12717e-19
-0.000409524 1.51657e-19
-0.000411111 1.15613e-19
-0.000412698 7.76318e-20
-0.000414286 2.09602e-19
-0.000415873 4.77658e-20
-0.00041746 1.62441e-20
-0.000419048 2.02546e-19
-0.000420635 2.79611e-19
-0.000422222 4.92864e-19
-0.00042381 1.33831e-19
-0.000425397 -5.27167e-20
-0.000426984 -3.67269e-20
-0.000428571 3.13197e-20
-0.000430159 2.44825e-19
-0.000431746 -1.0743e-19
-0.000433333 -8.97386e-20
-0.000434921 -2.2568e-20
-0.000436508 7.28421e-20
-0.000438095 1.38201e-19
-0.000439683 4.44085e-20
-0.00044127 -2.01294e-20
-0.000442857 1.63426e-20
-0.000444444 2.09224e-21
-0.000446032 1.51577e-19
-0.000447619 -5.48936e-20
-0.000449206 3.25892e-20
-0.000450794 -7.55562e-21
-0.000452381 1.19277e-19
-0.000453968 3.56019e-19
-0.000455556 9.2084e-20
-0.000457143 2.98652e-19
-0.00045873 2.0556e-19
-0.000460317 9.8228e-20
-0.000461905 1.98658e-19
-0.000463492 7.70079e-20
-0.000465079 1.54079e-19
-0.000466667 6.36008e-20
-0.000468254 1.29096e-19
-0.000469841 7.98397e-20
-0.000471429 2.53853e-19
-0.000473016 3.01925e-20
-0.000474603 2.91611e-19
-0.00047619 2.04784e-19
-0.000477778 1.6482e-19
-0.000479365 1.32882e-19
-0.000480952 2.53811e-19
-0.00048254 1.36316e-19
-0.000484127 -5.85255e-20
-0.000485714 2.41522e-19
-0.000487302 1.9554e-19
-0.000488889 1.5003e-19
-0.000490476 1.80234e-19
-0.000492063 3.12127e-19
-0.000493651 1.46604e-19
-0.000495238 6.07259e-20
-0.000496825 2.73319e-19
-0.000498413 1.34795e-19
-0.0005 9.81529e-20
-0.000501587 1.33247e-19
-0.000503175 2.40641e-19
-0.000504762 2.67959e-19
-0.000506349 1.35431e-19
-0.000507937 1.47799e-19
-0.000509524 1.17698e-19
-0.000511111 1.85511e-19
-0.000512698 3.34705e-19
-0.000514286 2.35691e-19
-0.000515873 2.39369e-19
-0.00051746 2.37573e-19
-0.000519048 2.80102e-19
-0.000520635 2.71656e-19
-0.000522222 1.58553e-19
-0.00052381 2.53578e-19
-0.000525397 -4.23847e-21
-0.000526984 5.52324e-20
-0.000528571 4.59701e-20
-0.000530159 8.80347e-20
-0.000531746 6.46831e-21
-0.000533333 -5.41277e-20
-0.000534921 2.06164e-19
-0.000536508 7.23421e-19
-0.000538095 1.60117e-19
-0.000539683 3.25129e-19
-0.00054127 2.94685e-19
-0.000542857 2.12794e-19
-0.000544444 2.8585e-19
-0.000546032 3.21713e-19
-0.000547619 2.79074e-19
-0.000549206 2.64585e-19
-0.000550794 -1.63019e-20
-0.000552381 2.48942e-19
-0.000553968 3.63545e-19
-0.000555556 3.63105e-19
-0.000557143 5.46593e-20
-0.00055873 -4.34737e-20
-0.000560317 -6.18433e-20
-0.000561905 2.46587e-21
-0.000563492 6.06466e-20
-0.000565079 1.70111e-19
-0.000566667 2.2068e-19
-0.000568254 3.38765e-19
-0.000569841 2.92454e-19
-0.000571429 -7.86229e-20
-0.000573016 1.19616e-19
-0.000574603 -7.18074e-20
-0.00057619 -8.58536e-20
-0.000577778 -1.95896e-19
-0.000579365 -3.34323e-19
-0.000580952 1.39988e-20
-0.00058254 1.15428e-19
-0.000584127 1.39965e-19
-0.000585714 1.94261e-19
-0.000587302 2.93797e-19
-0.000588889 -1.39469e-19
-0.000590476 -1.18827e-19
-0.000592063 -1.16259e-19
-0.000593651 -1.15871e-19
-0.000595238 -1.3273e-19
-0.000596825 -1.08931e-19
-0.000598413 -2.59793e-20
-0.0006 7.53675e-20
-0.000601587 4.36922e-19
-0.000603175 2.18169e-19
-0.000604762 4.96379e-19
-0.000606349 -6.40694e-20
-0.000607937 1.19603e-19
-0.000609524 1.52151e-19
-0.000611111 3.55129e-19
-0.000612698 1.7003e-19
-0.000614286 6.04413e-19
-0.000615873 6.59552e-19
-0.00061746 3.12201e-19
-0.000619048 9.38491e-20
-0.000620635 1.26423e-19
-0.000622222 1.53856e-19
-0.00062381 1.46111e-19
-0.000625397 6.60628e-20
-0.000626984 2.05795e-20
-0.000628571 1.04215e-19
-0.000630159 2.12515e-19
-0.000631746 2.38946e-19
-0.000633333 7.16144e-20
-0.000634921 3.00122e-20
-0.000622055 -0.00244576
-0.000609806 -0.00489734
-0.000649526 -0.00779207
-0.00089173 -0.0120928
-0.0015142 -0.0209519
-0.0028427 -0.0401084
-0.0044443 -0.0648499
-0.00623842 -0.0905408
-0.00789615 -0.115495
-0.00929023 -0.139703
-0.0106205 -0.162807
-0.0119093 -0.185033
-0.013178 -0.206832
-0.0144315 -0.228318
-0.0156744 -0.24961
-0.0169044 -0.270669
-0.0181229 -0.291525
-0.0193297 -0.312181
-0.0205242 -0.332621
-0.0217046 -0.35282
-0.0228691 -0.372741
-0.0240143 -0.392327
-0.0251376 -0.411536
-0.0262346 -0.430291
-0.0273029 -0.44855
-0.0283426 -0.466319
-0.0293516 -0.483556
-0.0303272 -0.500221
-0.0312605 -0.516163
-0.0321436 -0.531247
-0.0329768 -0.545483
-0.0337648 -0.558947
-0.0345172 -0.571802
-0.0352397 -0.584144
-0.0359146 -0.595673
-0.0365151 -0.605938
-0.0370585 -0.615234
-0.0375614 -0.623844
-0.0380243 -0.631776
-0.0384566 -0.639191
-0.0388733 -0.64634
-0.0392835 -0.653383
-0.0396908 -0.660379
-0.0400957 -0.667338
-0.0404963 -0.674229
-0.0408876 -0.68097
-0.0412606 -0.687406
-0.0416076 -0.693411
-0.0419335 -0.699067
-0.0422483 -0.704548
-0.0425568 -0.709939
-0.0428594 -0.715253
-0.0431548 -0.720473
-0.0434413 -0.725578
-0.0437174 -0.730553
-0.0439826 -0.735408
-0.0442371 -0.740176
-0.0444801 -0.744897
-0.0447078 -0.749612
-0.0449086 -0.754368
-0.045087 -0.759229
-0.0452631 -0.764173
-0.045438 -0.769157
-0.0456125 -0.774155
-0.0457866 -0.779157
-0.0459605 -0.784158
-0.0461343 -0.789156
-0.046308 -0.794149
-0.0464815 -0.799138
-0.0466549 -0.804122
-0.0468281 -0.809103
-0.0470013 -0.814079
-0.0471743 -0.819052
-0.0473473 -0.824022
-0.0475201 -0.828989
-0.0476929 -0.833952
-0.0478655 -0.838912
-0.048038 -0.843867
-0.0482103 -0.848815
-0.0483824 -0.853755
-0.0483977 -0.851271
-0.0484142 -0.848632
-0.0484393 -0.845747
-0.048472 -0.842547
-0.0485125 -0.838964
-0.0485631 -0.834922
-0.0486266 -0.83034
-0.0487067 -0.825131
-0.0488089 -0.819193
-0.0489506 -0.812403
-0.049148 -0.804636
-0.0494237 -0.795784
-0.0498053 -0.785622
-0.0503079 -0.773933
-0.0509322 -0.760628
-0.0516613 -0.745783
-0.0524692 -0.729602
-0.0533291 -0.712354
-0.0542354 -0.694307
-0.0554021 -0.675451
-0.0566575 -0.656072
-0.0579234 -0.636472
-0.059189 -0.616782
-0.0604472 -0.597096
-0.0616939 -0.577478
-0.0629266 -0.557971
-0.064144 -0.538604
-0.0653455 -0.519396
-0.0665294 -0.500379
-0.0676957 -0.481562
-0.0688463 -0.462928
-0.0699817 -0.444477
-0.0711025 -0.426206
-0.0722091 -0.408116
-0.0733019 -0.390205
-0.0743811 -0.372476
-0.0754466 -0.354928
-0.0764987 -0.337565
-0.0775372 -0.320389
-0.0785621 -0.303403
-0.0795732 -0.286609
-0.0805704 -0.270012
-0.0815534 -0.253614
-0.0825219 -0.23742
-0.0834757 -0.221436
-0.084414 -0.205672
-0.0853357 -0.190147
-0.0862387 -0.174895
-0.0871206 -0.159958
-0.0879808 -0.145343
-0.0888211 -0.131021
-0.0896427 -0.11697
-0.090446 -0.10318
-0.0912311 -0.0896482
-0.0919981 -0.0763714
-0.092747 -0.063348
-0.0934779 -0.0505752
-0.0941907 -0.0380498
-0.0948856 -0.0257681
-0.0955627 -0.0137258
-0.0962221 -0.00191795
-0.0968639 0.0096606
-0.0974883 0.0210156
-0.0980955 0.0321531
-0.0986855 0.0430796
-0.0992587 0.0538014
-0.099815 0.064325
-0.100355 0.074657
-0.100878 0.0848043
-0.101385 0.0947736
-0.101875 0.104572
-0.10235 0.114206
-0.102808 0.123682
-0.103251 0.133008
-0.103677 0.142189
-0.104089 0.151233
-0.104485 0.160144
-0.104865 0.168929
-0.105231 0.177594
-0.105582 0.186144
-0.105919 0.194584
-0.106241 0.202919
-0.10655 0.211154
-0.106854 0.21929
-0.107154 0.227329
-0.107449 0.235273
-0.107741 0.243125
-0.108028 0.250889
-0.108312 0.258566
-0.108592 0.266159
-0.108869 0.273671
-0.109142 0.281105
-0.109413 0.288462
-0.10968 0.295745
-0.109945 0.302957
-0.110206 0.3101
-0.110465 0.317176
-0.110722 0.324187
-0.110976 0.331135
-0.111227 0.338022
-0.111476 0.344851
-0.111723 0.351622
-0.111968 0.358338
-0.112211 0.365
-0.112452 0.371611
-0.11269 0.378171
-0.112927 0.384682
-0.113162 0.391146
-0.113395 0.397565
-0.113627 0.403939
-0.113857 0.41027
-0.114085 0.41656
-0.114312 0.422809
-0.114537 0.42902
-0.114761 0.435193
-0.114983 0.44133
-0.115204 0.447431
-0.115424 0.453498
-0.115642 0.459532
-0.115859 0.465534
-0.115847 0.463056
-0.115832 0.460428
-0.115817 0.457574
-0.115803 0.454425
-0.115788 0.450931
-0.115771 0.447036
-0.115752 0.442685
-0.115733 0.437825
-0.115714 0.432406
-0.115698 0.426375
-0.115687 0.419679
-0.115684 0.412265
-0.115693 0.404076
-0.11572 0.395058
-0.115768 0.385158
-0.115843 0.374334
-0.115947 0.362562
-0.116083 0.349847
-0.116247 0.336228
-0.116436 0.321775
-0.116645 0.306588
-0.116867 0.29078
-0.1171 0.27447
-0.117338 0.257769
-0.11758 0.24078
-0.117822 0.22359
-0.118064 0.206275
-0.118304 0.188893
-0.118542 0.171496
-0.118776 0.154122
-0.119008 0.136804
-0.119236 0.119565
-0.119461 0.102426
-0.119682 0.0854028
-0.1199 0.0685073
-0.120115 0.0517498
-0.120326 0.0351386
-0.120534 0.0186804
-0.120739 0.00238102
-0.120941 -0.0137541
-0.12114 -0.0297175
-0.121335 -0.0454926
-0.121527 -0.0610344
-0.121715 -0.0762873
-0.121898 -0.0912812
-0.122078 -0.106054
-0.122256 -0.120614
-0.12243 -0.134961
-0.122601 -0.149093
-0.122769 -0.163011
-0.122933 -0.176714
-0.123095 -0.190202
-0.123254 -0.203475
-0.123411 -0.216535
-0.123564 -0.229382
-0.123715 -0.242019
-0.123862 -0.254446
-0.124007 -0.266667
-0.12415 -0.278684
-0.12429 -0.2905
-0.124427 -0.302118
-0.124562 -0.313541
-0.124694 -0.324774
-0.124824 -0.335819
-0.124952 -0.346681
-0.125077 -0.357363
-0.1252 -0.367871
-0.125322 -0.378208
-0.12544 -0.388378
-0.125557 -0.398386
-0.125672 -0.408236
-0.125785 -0.417932
-0.125897 -0.427479
-0.126006 -0.436881
-0.126114 -0.446142
-0.12622 -0.455266
-0.126324 -0.464259
-0.126427 -0.473123
-0.126528 -0.481863
-0.126628 -0.490482
-0.126726 -0.498986
-0.126823 -0.507376
-0.126919 -0.515657
-0.127013 -0.523833
-0.127107 -0.531906
-0.127199 -0.539881
-0.127289 -0.547759
-0.127379 -0.555545
-0.127468 -0.563241
-0.127555 -0.570851
-0.127642 -0.578376
-0.127727 -0.585821
-0.127812 -0.593186
-0.127895 -0.600476
-0.127978 -0.607692
-0.12806 -0.614838
-0.128141 -0.621914
-0.128221 -0.628924
-0.128301 -0.635869
-0.12838 -0.642752
-0.128458 -0.649574
-0.128535 -0.656339
-0.128612 -0.663046
-0.128688 -0.669698
-0.128763 -0.676298
-0.128838 -0.682846
-0.128912 -0.689344
-0.128985 -0.695794
-0.129058 -0.702197
-0.129131 -0.708554
-0.129203 -0.714867
-0.129274 -0.721138
-0.129345 -0.727367
-0.129416 -0.733556
-0.129486 -0.739706
-0.129555 -0.745818
-0.129624 -0.751894
-0.129693 -0.757933
-0.129761 -0.763938
-0.129829 -0.76991
-0.129897 -0.775849
-0.129964 -0.781756
-0.130031 -0.787632
-0.130097 -0.793479
-0.130163 -0.799296
-0.130229 -0.805085
-0.130294 -0.810846
-0.130359 -0.816581
-0.130424 -0.82229
-0.130488 -0.827974
-0.130553 -0.833633
-0.130617 -0.839268
-0.13068 -0.84488
-0.130744 -0.850469
-0.130807 -0.856036
-0.130869 -0.861581
-0.130932 -0.867106
-0.130994 -0.87261
-0.131057 -0.878093
-0.131118 -0.883557
-0.13118 -0.889002
-0.131242 -0.894427
-0.131303 -0.899835
-0.131364 -0.905224
-0.131425 -0.910595
-0.131485 -0.915949
-0.131546 -0.921287
-0.131606 -0.926607
-0.131666 -0.931911
-0.131726 -0.937199
-0.131785 -0.942472
-0.131845 -0.947728
-0.131904 -0.95297
-0.131963 -0.958197
-0.132022 -0.963408
-0.132081 -0.968606
-0.13214 -0.973789
-0.132198 -0.978959
-0.132256 -0.984115
-0.132314 -0.989258
-0.132328 -0.986774
-0.132342 -0.984142
-0.132359 -0.981293
-0.132379 -0.978166
-0.132402 -0.974706
-0.132429 -0.970861
-0.132461 -0.966587
-0.132498 -0.96184
-0.13254 -0.956571
-0.132588 -0.950729
-0.132642 -0.944269
-0.132703 -0.937147
-0.13277 -0.929324
-0.132846 -0.920758
-0.132944 -0.911392
-0.133084 -0.901143
-0.133261 -0.889999
-0.133466 -0.877987
-0.133695 -0.865141
-0.133945 -0.851512
-0.134224 -0.837162
-0.134628 -0.822102
-0.135088 -0.806448
-0.135593 -0.790297
-0.136135 -0.773744
-0.136708 -0.756879
-0.137305 -0.739783
-0.137918 -0.722528
-0.138542 -0.705176
-0.139172 -0.68778
-0.139805 -0.67038
-0.140437 -0.653014
-0.141066 -0.635708
-0.141691 -0.618487
-0.142309 -0.601368
-0.14292 -0.584367
-0.143523 -0.567496
-0.144119 -0.550766
-0.144705 -0.534185
-0.145283 -0.517759
-0.145851 -0.501494
-0.146411 -0.485395
-0.146961 -0.469465
-0.147503 -0.453708
-0.148035 -0.438127
-0.148558 -0.422724
-0.149073 -0.407502
-0.149578 -0.392461
-0.150075 -0.377603
-0.150562 -0.36293
-0.151042 -0.348442
-0.151512 -0.33414
-0.151974 -0.320026
-0.152427 -0.306099
-0.152872 -0.292362
-0.153309 -0.278818
-0.153737 -0.26547
-0.154156 -0.252329
-0.154567 -0.239412
-0.154968 -0.226739
-0.155358 -0.214323
-0.15574 -0.202149
-0.156113 -0.190193
-0.156478 -0.17844
-0.156836 -0.166883
-0.157186 -0.155517
-0.157529 -0.144338
-0.157864 -0.133342
-0.158193 -0.122526
-0.158515 -0.111886
-0.158831 -0.101418
-0.15914 -0.0911177
-0.159443 -0.0809811
-0.15974 -0.071004
-0.160031 -0.0611823
-0.160316 -0.0515117
-0.160596 -0.0419879
-0.160871 -0.0326067
-0.16114 -0.0233639
-0.161405 -0.0142552
-0.161665 -0.00527652
-0.16192 0.0035762
-0.16217 0.012307
-0.162416 0.0209198
-0.162658 0.0294186
-0.162896 0.037807
-0.16313 0.0460889
-0.16336 0.0542678
-0.163587 0.0623472
-0.163809 0.0703305
-0.164029 0.078221
-0.164245 0.0860219
-0.164457 0.0937361
-0.164667 0.101367
-0.164873 0.108917
-0.165077 0.116389
-0.165278 0.123785
-0.165476 0.131109
-0.165671 0.138363
-0.165863 0.14555
-0.166054 0.152671
-0.166241 0.159729
-0.166426 0.166726
-0.166609 0.173664
-0.16679 0.180546
-0.166968 0.187373
-0.167145 0.194147
-0.167319 0.20087
-0.167491 0.207544
-0.167661 0.21417
-0.167829 0.22075
-0.167996 0.227286
-0.16816 0.233778
-0.168323 0.240229
-0.168483 0.24664
-0.168642 0.253011
-0.1688 0.259345
-0.168956 0.265643
-0.16911 0.271905
-0.169262 0.278133
-0.169413 0.284328
-0.169563 0.290491
-0.169711 0.296623
-0.169857 0.302725
-0.170002 0.308798
-0.170146 0.314843
-0.170288 0.32086
-0.170429 0.326851
-0.170569 0.332817
-0.170707 0.338757
-0.170844 0.344674
-0.17098 0.350567
-0.171114 0.356437
-0.171247 0.362285
-0.171379 0.368113
-0.17151 0.373919
-0.171639 0.379705
-0.171768 0.385472
-0.171895 0.39122
-0.172021 0.396949
-0.172146 0.402661
-0.17227 0.408355
-0.172392 0.414033
-0.172514 0.419694
-0.172634 0.425339
-0.172754 0.430969
-0.172872 0.436583
-0.17299 0.442183
-0.173106 0.447769
-0.173222 0.453341
-0.173336 0.4589
-0.173449 0.464445
-0.173562 0.469978
-0.173673 0.475499
-0.173784 0.481007
-0.173893 0.486504
-0.174002 0.491989
-0.17411 0.497464
-0.174217 0.502927
-0.174322 0.50838
-0.174427 0.513823
-0.174532 0.519255
-0.174635 0.524678
-0.174737 0.530092
-0.174839 0.535496
-0.17494 0.540891
-0.175039 0.546278
-0.175139 0.551656
-0.175237 0.557025
-0.175334 0.562387
-0.175431 0.56774
-0.175527 0.573086
-0.175622 0.578424
-0.175716 0.583755
-0.17581 0.589079
-0.175902 0.594396
-0.175994 0.599706
-0.176086 0.605009
-0.176176 0.610305
-0.176266 0.615596
-0.176355 0.62088
-0.176443 0.626157
-0.176531 0.631429
-0.176618 0.636695
-0.176704 0.641956
-0.17679 0.647211
-0.176875 0.65246
-0.176959 0.657704
-0.177043 0.662943
-0.177126 0.668177
-0.177208 0.673406
-0.17729 0.67863
-0.177371 0.683849
-0.177451 0.689063
-0.177531 0.694273
-0.17761 0.699479
-0.177689 0.70468
-0.177767 0.709877
-0.177844 0.715069
-0.177921 0.720257
-0.177908 0.717775
-0.177894 0.715148
-0.177878 0.712308
-0.177858 0.709196
-0.177835 0.70576
-0.177808 0.70195
-0.177775 0.697714
-0.177737 0.693002
-0.177693 0.687762
-0.177642 0.68194
-0.177584 0.675485
-0.177518 0.668346
-0.177443 0.660482
-0.177361 0.651854
-0.17727 0.642432
-0.177171 0.632191
-0.177064 0.621119
-0.176951 0.609217
-0.176832 0.596502
-0.176709 0.583013
-0.176584 0.568802
-0.176458 0.553935
-0.176333 0.538487
-0.176211 0.522537
-0.176094 0.506165
-0.175982 0.489446
-0.175876 0.472452
-0.175778 0.455246
-0.175687 0.437886
-0.175604 0.420421
-0.175528 0.402895
-0.17546 0.385344
-0.175399 0.367801
-0.175346 0.35029
-0.175299 0.332835
-0.175259 0.315454
-0.175224 0.298162
-0.175194 0.280974
-0.17517 0.263901
-0.17515 0.246952
-0.175134 0.230135
-0.175121 0.213456
-0.175112 0.196922
-0.175106 0.180538
-0.175102 0.164309
-0.1751 0.148239
-0.1751 0.132331
-0.175101 0.116588
-0.175104 0.101013
-0.175107 0.0856092
-0.175111 0.0703775
-0.175116 0.0553203
-0.175121 0.040439
-0.175127 0.0257351
-0.175132 0.0112097
-0.175137 -0.00313639
-0.175142 -0.0173024
-0.175146 -0.0312879
-0.17515 -0.0450927
-0.175154 -0.0587165
-0.175157 -0.0721596
-0.175159 -0.0854224
-0.17516 -0.0985053
-0.175161 -0.111409
-0.175161 -0.124135
-0.17516 -0.136683
-0.175158 -0.149056
-0.175155 -0.161255
-0.175151 -0.173281
-0.175147 -0.185136
-0.175141 -0.196822
-0.175134 -0.208341
-0.175127 -0.219696
-0.175119 -0.230888
-0.175109 -0.241921
-0.175099 -0.252796
-0.175088 -0.263517
-0.175076 -0.274086
-0.175064 -0.284505
-0.17505 -0.294779
-0.175036 -0.304909
-0.17502 -0.314898
-0.175004 -0.32475
-0.174988 -0.334468
-0.17497 -0.344053
-0.174952 -0.35351
-0.174933 -0.36284
-0.174913 -0.372046
-0.174893 -0.381131
-0.174872 -0.390097
-0.174851 -0.398944
-0.174828 -0.407673
-0.174806 -0.416285
-0.174782 -0.424775
-0.174758 -0.433139
-0.174734 -0.441367
-0.174709 -0.449449
-0.174683 -0.457383
-0.174656 -0.465187
-0.174629 -0.47288
-0.174602 -0.480478
-0.174574 -0.48799
-0.174546 -0.49542
-0.174518 -0.502773
-0.174489 -0.510052
-0.17446 -0.517258
-0.174431 -0.524395
-0.174401 -0.531465
-0.174372 -0.538469
-0.174342 -0.545411
-0.174312 -0.552292
-0.174282 -0.559114
-0.174251 -0.565879
-0.174221 -0.572589
-0.17419 -0.579246
-0.174159 -0.585852
-0.174129 -0.592408
-0.174097 -0.598916
-0.174066 -0.605378
-0.174035 -0.611794
-0.174004 -0.618167
-0.173972 -0.624498
-0.173941 -0.630787
-0.173909 -0.637037
-0.173878 -0.643249
-0.173846 -0.649423
-0.173814 -0.655561
-0.173783 -0.661664
-0.173751 -0.667732
-0.173719 -0.673768
-0.173688 -0.679772
-0.173656 -0.685744
-0.173624 -0.691686
-0.173592 -0.697598
-0.173561 -0.703482
-0.173529 -0.709338
-0.173497 -0.715167
-0.173466 -0.720969
-0.173434 -0.726746
-0.173403 -0.732498
-0.173371 -0.738225
-0.17334 -0.743929
-0.173309 -0.74961
-0.173277 -0.755268
-0.173246 -0.760904
-0.173215 -0.766519
-0.173184 -0.772112
-0.173153 -0.777686
-0.173122 -0.78324
-0.173091 -0.788774
-0.173061 -0.794289
-0.17303 -0.799786
-0.173 -0.805265
-0.172969 -0.810727
-0.172939 -0.816171
-0.172909 -0.821598
-0.172879 -0.827009
-0.172849 -0.832404
-0.172819 -0.837783
-0.172789 -0.843147
-0.172759 -0.848496
-0.17273 -0.85383
-0.1727 -0.85915
-0.172671 -0.864456
-0.172642 -0.869748
-0.172612 -0.875026
-0.172583 -0.880292
-0.172554 -0.885544
-0.172525 -0.890784
-0.172497 -0.896012
-0.172468 -0.901227
-0.17244 -0.906431
-0.172411 -0.911622
-0.172383 -0.916803
-0.172355 -0.921972
-0.172327 -0.927129
-0.172299 -0.932276
-0.172271 -0.937413
-0.172243 -0.942538
-0.172215 -0.947653
-0.172188 -0.952758
-0.17216 -0.957853
-0.172133 -0.962938
-0.172106 -0.968012
-0.172079 -0.973077
-0.172052 -0.978133
-0.172025 -0.983178
-0.171998 -0.988214
-0.171972 -0.99324
-0.171945 -0.998257
-0.171919 -1.00326
-0.171893 -1.00826
-0.171867 -1.01325
-0.171841 -1.01823
-0.171815 -1.0232
-0.171789 -1.02816
-0.171764 -1.03312
-0.171738 -1.03806
-0.171713 -1.043
-0.171688 -1.04792
-0.171663 -1.05284
-0.171638 -1.05775
-0.171613 -1.06265
-0.171589 -1.06755
-0.171564 -1.07243
-0.17154 -1.07731
-0.171515 -1.08218
-0.171491 -1.08704
-0.171467 -1.09189
-0.171443 -1.09674
-0.17142 -1.10158
-0.171396 -1.10641
-0.171372 -1.11124
-0.171349 -1.11605
-0.171325 -1.12087
-0.171302 -1.12567
-0.171279 -1.13047
-0.171256 -1.13526
-0.171233 -1.14004
-0.17121 -1.14482
-0.171187 -1.14959
-0.171165 -1.15436
-0.171142 -1.15912
-0.17112 -1.16387
-0.171097 -1.16861
-0.171075 -1.17336
-0.171053 -1.17809
-0.171031 -1.18282
-0.171009 -1.18754
-0.170987 -1.19226
-0.170965 -1.19697
-0.170943 -1.20168
-0.170922 -1.20638
-0.1709 -1.21107
-0.170879 -1.21576
-0.170858 -1.22044
-0.170837 -1.22512
-0.170816 -1.2298
-0.170795 -1.23446
-0.170774 -1.23913
-0.170787 -1.23664
-0.170802 -1.23402
-0.170819 -1.23119
-0.170838 -1.22809
-0.170862 -1.22468
-0.170889 -1.22091
-0.170921 -1.21672
-0.170958 -1.21208
-0.171 -1.20693
-0.171049 -1.20121
-0.171105 -1.19488
-0.171169 -1.18788
-0.171241 -1.18015
-0.171322 -1.17163
-0.171412 -1.16228
-0.171513 -1.15206
-0.171625 -1.14096
-0.171748 -1.12896
-0.171882 -1.11609
-0.172029 -1.10239
-0.172186 -1.08793
-0.172355 -1.07277
-0.172534 -1.057
-0.172723 -1.0407
-0.17292 -1.02396
-0.173125 -1.00686
-0.173336 -0.989463
-0.173553 -0.971838
-0.173774 -0.954042
-0.173998 -0.936123
-0.174225 -0.918124
-0.174453 -0.90008
-0.174681 -0.882022
-0.17491 -0.863974
-0.175139 -0.845958
-0.175367 -0.827994
-0.175595 -0.810095
-0.175821 -0.792275
-0.176045 -0.774545
-0.176269 -0.756915
-0.17649 -0.739393
-0.17671 -0.721985
-0.176927 -0.704699
-0.177143 -0.687539
-0.177357 -0.670511
-0.177568 -0.653618
-0.177778 -0.636866
-0.177986 -0.620256
-0.178191 -0.603794
-0.178394 -0.587481
-0.178595 -0.571321
-0.178794 -0.555317
-0.17899 -0.53947
-0.179185 -0.523784
-0.179377 -0.50826
-0.179567 -0.492901
-0.179755 -0.477709
-0.17994 -0.462686
-0.180123 -0.447833
-0.180304 -0.433151
-0.180483 -0.418642
-0.18066 -0.404308
-0.180834 -0.390148
-0.181006 -0.376165
-0.181175 -0.362359
-0.181343 -0.348729
-0.181508 -0.335277
-0.181671 -0.322002
-0.181832 -0.308904
-0.18199 -0.295984
-0.182147 -0.28324
-0.182301 -0.270671
-0.182453 -0.258278
-0.182603 -0.246059
-0.18275 -0.234011
-0.182896 -0.222134
-0.18304 -0.210427
-0.183181 -0.198886
-0.18332 -0.18751
-0.183458 -0.176297
-0.183593 -0.165245
-0.183727 -0.154351
-0.183859 -0.143613
-0.183988 -0.133028
-0.184116 -0.122593
-0.184242 -0.112305
-0.184367 -0.102162
-0.184489 -0.0921612
-0.18461 -0.0822988
-0.18473 -0.0725722
-0.184847 -0.0629782
-0.184964 -0.053514
-0.185078 -0.0441764
-0.185191 -0.0349623
-0.185303 -0.0258688
-0.185413 -0.0168928
-0.185522 -0.00803135
-0.18563 0.000718577
-0.185736 0.00935989
-0.185841 0.0178955
-0.185827 0.0154081
-0.185812 0.0127675
-0.185794 0.00990136
-0.185773 0.00674927
-0.185747 0.00325491
-0.185716 -0.000635835
-0.18568 -0.00497583
-0.185637 -0.00981751
-0.185587 -0.0152137
-0.185529 -0.0212184
-0.185462 -0.0278863
-0.185386 -0.0352723
-0.185299 -0.0434285
-0.185202 -0.0524015
-0.185093 -0.0622281
-0.184973 -0.072932
-0.184841 -0.08452
-0.184697 -0.0969789
-0.184543 -0.110275
-0.184377 -0.124355
-0.184202 -0.139151
-0.184018 -0.154581
-0.183826 -0.170563
-0.183627 -0.187009
-0.183423 -0.203839
-0.183214 -0.220976
-0.183002 -0.238352
-0.182787 -0.255906
-0.18257 -0.273587
-0.182352 -0.291349
-0.182134 -0.309154
-0.181915 -0.326969
-0.181696 -0.344766
-0.181478 -0.362523
-0.18126 -0.380219
-0.181044 -0.397839
-0.180829 -0.415367
-0.180616 -0.432791
-0.180404 -0.450101
-0.180194 -0.467281
-0.179986 -0.484304
-0.17978 -0.501172
-0.179576 -0.517885
-0.179374 -0.534437
-0.179175 -0.55082
-0.178978 -0.56703
-0.178783 -0.583061
-0.17859 -0.598909
-0.1784 -0.614568
-0.178213 -0.630034
-0.178028 -0.645301
-0.177845 -0.660367
-0.177665 -0.675227
-0.177488 -0.689879
-0.177313 -0.704318
-0.177141 -0.718543
-0.176971 -0.732552
-0.176804 -0.746342
-0.17664 -0.759914
-0.176479 -0.773266
