-9.03928e-23 -4.7619e-06 4.36019e-22
-1.5665e-22 -9.52381e-06 1.352e-21
-1.08324e-21 -1.42857e-05 1.92209e-21
7.32045e-22 -1.90476e-05 2.18301e-21
1.38867e-21 -2.38095e-05 9.54989e-22
-4.23484e-22 -2.85714e-05 5.06387e-21
-2.99634e-22 -3.33333e-05 1.08338e-20
-1.74561e-21 -3.80952e-05 5.54506e-21
-2.88913e-22 -4.28571e-05 7.50435e-21
-4.82048e-21 -4.7619e-05 3.33239e-21
-4.5025e-21 -5.2381e-05 4.85794e-21
-3.18407e-21 -5.71429e-05 9.92611e-21
-6.72667e-21 -6.19048e-05 1.12856e-20
-6.78477e-21 -6.66667e-05 8.76481e-21
-5.64955e-21 -7.14286e-05 1.24284e-20
-1.10241e-20 -7.61905e-05 2.16971e-20
-9.37637e-22 -8.09524e-05 1.26244e-20
-1.78934e-20 -8.57143e-05 1.94121e-20
-1.74913e-20 -9.04762e-05 2.44888e-20
-1.24593e-20 -9.52381e-05 9.23371e-21
-7.31834e-21 -0.0001 1.49756e-20
-1.48017e-20 -0.000104762 1.62786e-20
-1.10006e-20 -0.000109524 2.18898e-20
-3.26862e-20 -0.000114286 2.35401e-20
-3.59654e-20 -0.000119048 3.92875e-20
-6.7551e-21 -0.00012381 3.26099e-20
-3.05558e-20 -0.000128571 5.05774e-20
-2.37347e-20 -0.000133333 3.7057e-20
-2.12069e-20 -0.000138095 2.55607e-20
-2.48728e-20 -0.000142857 2.73427e-20
-1.78663e-20 -0.000147619 2.64385e-20
-1.97352e-20 -0.000152381 4.3081e-20
-1.43881e-20 -0.000157143 4.91037e-20
-1.96637e-20 -0.000161905 5.18053e-20
-1.75774e-20 -0.000166667 4.30468e-20
-3.00345e-20 -0.000171429 4.69977e-20
-1.91895e-20 -0.00017619 3.31249e-20
-5.48702e-21 -0.000180952 2.83747e-20
-2.52748e-20 -0.000185714 4.97843e-20
-1.47876e-20 -0.000190476 2.12417e-20
-2.1652e-20 -0.000195238 6.82152e-21
-1.84789e-20 -0.0002 3.04258e-20
-2.55402e-20 -0.000204762 2.09678e-20
-1.10449e-20 -0.000209524 -8.88822e-22
-3.90566e-20 -0.000214286 4.45746e-20
-3.0627e-20 -0.000219048 4.97163e-20
-7.92394e-21 -0.00022381 4.25442e-20
-2.88953e-20 -0.000228571 3.62833e-20
-3.30552e-20 -0.000233333 6.22586e-20
-8.28815e-20 -0.000238095 6.19539e-20
-4.05694e-20 -0.000242857 4.70268e-20
-3.17799e-20 -0.000247619 6.97814e-20
-6.22428e-20 -0.000252381 8.48811e-20
-6.53455e-20 -0.000257143 4.60954e-20
-6.06429e-20 -0.000261905 3.93883e-20
-4.62078e-20 -0.000266667 6.67588e-20
-5.43518e-20 -0.000271429 6.8309e-20
-5.77001e-20 -0.00027619 5.38213e-20
-7.29832e-20 -0.000280952 4.65785e-20
-5.12254e-20 -0.000285714 5.15779e-20
-6.48655e-21 -0.000290476 3.45015e-20
-4.79783e-20 -0.000295238 7.54411e-20
-7.17248e-20 -0.0003 6.24587e-20
-4.65445e-20 -0.000304762 6.96297e-20
-5.43399e-20 -0.000309524 8.92168e-20
-3.62481e-20 -0.000314286 6.31402e-20
-7.04499e-20 -0.000319048 7.32371e-20
-4.61018e-20 -0.00032381 8.72021e-20
-5.99021e-20 -0.000328571 9.69464e-20
-9.6112e-20 -0.000333333 7.29151e-20
-6.71876e-20 -0.000338095 9.30563e-20
-7.06202e-20 -0.000342857 6.33328e-20
-6.22379e-20 -0.000347619 6.17817e-20
-6.89216e-20 -0.000352381 9.99294e-20
-1.01929e-19 -0.000357143 4.47018e-20
-1.23399e-19 -0.000361905 7.66741e-20
-1.04916e-19 -0.000366667 1.05277e-19
-8.65649e-20 -0.000371429 7.04005e-20
-1.37251e-19 -0.00037619 5.53886e-20
-7.99717e-20 -0.000380952 2.31432e-20
-1.05467e-19 -0.000385714 7.54102e-20
-1.13182e-19 -0.000390476 5.41101e-20
-1.2241e-19 -0.000395238 9.55172e-20
-1.27174e-19 -0.0004 1.12069e-19
-1.3803e-19 -0.000404762 9.85044e-20
-1.17916e-19 -0.000409524 6.89823e-20
-6.58627e-20 -0.000414286 4.05042e-20
-1.23563e-19 -0.000419048 1.04261e-19
-1.02521e-19 -0.00042381 1.35693e-19
-9.14871e-20 -0.000428571 1.24182e-19
-1.36439e-19 -0.000433333 1.05737e-19
-1.27233e-19 -0.000438095 7.94282e-20
-9.74749e-20 -0.000442857 1.14363e-19
-1.57394e-19 -0.000447619 1.33398e-19
-1.04899e-19 -0.000452381 9.96376e-20
-9.86215e-20 -0.000457143 9.08385e-20
-1.24597e-19 -0.000461905 9.62761e-20
-1.2228e-19 -0.000466667 8.77746e-20
-2.00994e-19 -0.000471429 1.77034e-19
-2.20621e-19 -0.00047619 1.50043e-19
-2.42933e-19 -0.000480952 1.38919e-19
-1.65849e-19 -0.000485714 2.08992e-19
-1.20364e-19 -0.000490476 1.68802e-19
-1.53403e-19 -0.000495238 5.71862e-20
-1.66178e-19 -0.0005 9.27839e-20
-1.3168e-19 -0.000504762 6.06511e-20
-1.10768e-19 -0.000509524 7.74164e-20
-1.39992e-19 -0.000514286 2.29654e-19
-1.69299e-19 -0.000519048 1.56648e-19
-1.56867e-19 -0.00052381 8.68545e-20
-1.25505e-19 -0.000528571 1.89731e-19
-1.15996e-19 -0.000533333 2.12525e-19
-2.26777e-19 -0.000538095 1.56774e-19
-2.57643e-19 -0.000542857 2.23571e-19
-2.58078e-19 -0.000547619 1.90068e-19
-1.71289e-19 -0.000552381 1.26143e-19
-1.64853e-19 -0.000557143 1.89535e-19
-1.87148e-19 -0.000561905 1.69286e-19
-2.91881e-19 -0.000566667 1.9728e-19
-1.52984e-19 -0.000571429 1.70529e-19
-1.62558e-19 -0.00057619 1.82737e-19
-1.13885e-19 -0.000580952 1.5667e-19
-2.56842e-19 -0.000585714 1.66731e-19
-2.39301e-19 -0.000590476 2.19672e-19
-1.48045e-19 -0.000595238 1.12407e-19
-2.10247e-19 -0.0006 1.75238e-19
-1.93082e-19 -0.000604762 2.65514e-19
-2.45094e-19 -0.000609524 1.94871e-19
-1.94458e-19 -0.000614286 1.7598e-19
-2.36255e-19 -0.000619048 1.842e-19
-2.17663e-19 -0.00062381 2.09027e-19
-2.58326e-19 -0.000628571 2.05041e-19
-2.21817e-19 -0.000633333 1.70748e-19
-2.48675e-19 -0.000638095 2.00508e-19
-3.37234e-19 -0.000642857 2.44624e-19
-2.78107e-19 -0.000647619 2.82236e-19
-2.53598e-19 -0.000652381 2.69631e-19
-2.50958e-19 -0.000657143 1.93726e-19
-2.52813e-19 -0.000661905 2.00529e-19
-1.16778e-19 -0.000666667 1.96209e-19
-1.84431e-19 -0.000671429 1.5752e-19
-2.58381e-19 -0.00067619 1.68021e-19
-2.51885e-19 -0.000680952 2.21885e-19
-3.50518e-19 -0.000685714 2.89896e-19
-2.03519e-19 -0.000690476 2.30712e-19
-3.23249e-19 -0.000695238 2.71815e-19
-1.78195e-19 -0.0007 2.10573e-19
-2.95517e-19 -0.000704762 2.42731e-19
-2.85395e-19 -0.000709524 2.51394e-19
-2.50786e-19 -0.000714286 2.65108e-19
-3.96435e-19 -0.000719048 2.27995e-19
-3.23007e-19 -0.00072381 1.90555e-19
-2.44621e-19 -0.000728571 2.04756e-19
-1.64705e-19 -0.000733333 2.11083e-19
-3.75397e-19 -0.000738095 2.59706e-19
-2.48264e-19 -0.000742857 2.39044e-19
-3.39888e-19 -0.000747619 2.8496e-19
-4.40685e-19 -0.000752381 2.79018e-19
-3.28835e-19 -0.000757143 1.87022e-19
-3.75745e-19 -0.000761905 2.2936e-19
-3.33898e-19 -0.000766667 2.24634e-19
-3.70963e-19 -0.000771429 2.59358e-19
-3.38855e-19 -0.00077619 1.64325e-19
-2.94053e-19 -0.000780952 2.22068e-19
-2.47617e-19 -0.000785714 8.20599e-20
-9.37125e-20 -0.000790476 5.10496e-20
-2.17685e-19 -0.000795238 8.7895e-20
-3.10016e-19 -0.0008 2.19854e-19
-1.6654e-19 -0.000804762 1.0175e-19
-3.54418e-19 -0.000809524 1.82727e-19
-3.50885e-19 -0.000814286 1.56298e-19
-4.06024e-19 -0.000819048 1.14682e-19
-3.76987e-19 -0.00082381 1.78065e-19
-3.70113e-19 -0.000828571 1.04094e-19
-2.33666e-19 -0.000833333 2.0495e-19
-2.67544e-19 -0.000838095 2.6856e-19
-2.65302e-19 -0.000842857 2.06145e-19
-2.44472e-19 -0.000847619 2.93099e-19
-4.29952e-19 -0.000852381 2.75153e-19
-4.1802e-19 -0.000857143 2.39513e-19
-8.86808e-20 -0.000861905 2.3246e-19
-4.17993e-19 -0.000866667 2.70869e-19
-3.02004e-19 -0.000871429 2.36435e-19
-4.23843e-19 -0.00087619 3.67027e-19
-3.88306e-19 -0.000880952 2.23216e-19
-4.52283e-19 -0.000885714 3.17539e-19
-3.05557e-19 -0.000890476 3.21802e-19
-4.54295e-19 -0.000895238 3.65557e-19
-4.59827e-19 -0.0009 3.01996e-19
-3.43492e-19 -0.000904762 2.45713e-19
-4.94118e-19 -0.000909524 3.11084e-19
-5.32851e-19 -0.000914286 4.13304e-19
-5.16469e-19 -0.000919048 4.30098e-19
-4.12245e-19 -0.00092381 2.88499e-19
-3.49121e-19 -0.000928571 2.91762e-19
-4.58203e-19 -0.000933333 3.3553e-19
-5.16377e-19 -0.000938095 3.27268e-19
-4.84654e-19 -0.000942857 3.79924e-19
-4.35622e-19 -0.000947619 3.18818e-19
-4.16393e-19 -0.000952381 2.65686e-19
-3.66915e-19 -0.000957143 2.94927e-19
-4.36466e-19 -0.000961905 3.5737e-19
-4.77168e-19 -0.000966667 4.39316e-19
-5.9003e-19 -0.000971429 4.4644e-19
-3.30424e-19 -0.00097619 3.38381e-19
-2.5288e-19 -0.000980952 2.87742e-19
-2.7234e-19 -0.000985714 3.21391e-19
-4.65875e-19 -0.000990476 5.15945e-19
-4.66756e-19 -0.000995238 3.81215e-19
-2.27419e-19 -0.001 3.22062e-19
-5.09351e-19 -0.00100476 3.71195e-19
-3.92036e-19 -0.00100952 2.65394e-19
-4.81326e-19 -0.00101429 2.98722e-19
-4.05846e-19 -0.00101905 3.3073e-19
-5.84873e-19 -0.00102381 3.72134e-19
-3.75096e-19 -0.00102857 4.50298e-19
-4.75532e-19 -0.00103333 4.1001e-19
-4.94636e-19 -0.0010381 4.488e-19
-4.51405e-19 -0.00104286 4.96097e-19
-6.82368e-19 -0.00104762 4.90529e-19
-5.46913e-19 -0.00105238 5.38052e-19
-5.28894e-19 -0.00105714 3.88173e-19
-5.5479e-19 -0.0010619 3.84205e-19
-5.70694e-19 -0.00106667 4.46681e-19
-4.63042e-19 -0.00107143 2.6091e-19
-5.1458e-19 -0.00107619 3.55597e-19
-3.20348e-19 -0.00108095 3.48542e-19
-3.3499e-19 -0.00108571 3.31621e-19
-3.65405e-19 -0.00109048 3.6116e-19
-4.93926e-19 -0.00109524 3.52087e-19
-3.82223e-19 -0.0011 3.94669e-19
-5.33887e-19 -0.00110476 3.21253e-19
-5.31246e-19 -0.00110952 3.3086e-19
-5.83248e-19 -0.00111429 5.01075e-19
-5.11963e-19 -0.00111905 4.98001e-19
-6.79743e-19 -0.00112381 4.73554e-19
-7.31086e-19 -0.00112857 4.97368e-19
-6.30187e-19 -0.00113333 6.03647e-19
-5.93282e-19 -0.0011381 4.96096e-19
-6.02035e-19 -0.00114286 4.26016e-19
-4.95321e-19 -0.00114762 3.52885e-19
-6.94863e-19 -0.00115238 3.5123e-19
-6.38287e-19 -0.00115714 4.71276e-19
-6.73072e-19 -0.0011619 4.51642e-19
-5.5499e-19 -0.00116667 2.81453e-19
-5.32332e-19 -0.00117143 4.02464e-19
-5.3374e-19 -0.00117619 3.44181e-19
-5.56549e-19 -0.00118095 2.94452e-19
-5.67763e-19 -0.00118571 4.20837e-19
-5.75425e-19 -0.00119048 6.36674e-19
-6.18835e-19 -0.00119524 4.02678e-19
-5.18306e-19 -0.0012 4.18211e-19
-6.1584e-19 -0.00120476 5.31813e-19
-5.61068e-19 -0.00120952 4.51133e-19
-8.7171e-19 -0.00121429 5.26058e-19
-8.18159e-19 -0.00121905 6.22111e-19
-5.9147e-19 -0.00122381 4.49171e-19
-6.9222e-19 -0.00122857 4.39609e-19
-8.42043e-19 -0.00123333 5.76271e-19
-7.05261e-19 -0.0012381 5.23159e-19
-8.08086e-19 -0.00124286 6.04293e-19
-7.71505e-19 -0.00124762 5.58826e-19
-8.60164e-19 -0.00125238 6.01145e-19
-7.70378e-19 -0.00125714 5.24503e-19
-4.98064e-19 -0.0012619 3.13734e-19
-5.72442e-19 -0.00126667 4.58364e-19
-5.96914e-19 -0.00127143 5.37055e-19
-5.55312e-19 -0.00127619 4.36805e-19
-6.87367e-19 -0.00128095 4.83641e-19
-6.47229e-19 -0.00128571 4.90437e-19
-8.8964e-19 -0.00129048 4.81733e-19
-7.5412e-19 -0.00129524 5.43574e-19
-6.61652e-19 -0.0013 5.78865e-19
-8.17508e-19 -0.00130476 6.68971e-19
-6.84807e-19 -0.00130952 6.54606e-19
-8.18009e-19 -0.00131429 5.19762e-19
-7.72202e-19 -0.00131905 6.31231e-19
-7.8277e-19 -0.00132381 6.5764e-19
-7.29616e-19 -0.00132857 4.07342e-19
-7.51122e-19 -0.00133333 4.81295e-19
-7.71795e-19 -0.0013381 5.93118e-19
-7.95684e-19 -0.00134286 7.06095e-19
-6.8865e-19 -0.00134762 6.67876e-19
-8.73743e-19 -0.00135238 5.42564e-19
-5.8447e-19 -0.00135714 4.3781e-19
-9.79673e-19 -0.0013619 6.49338e-19
-4.31484e-19 -0.00136667 3.30695e-19
-5.05047e-19 -0.00137143 4.1208e-19
-5.17751e-19 -0.00137619 5.8603e-19
-5.57692e-19 -0.00138095 5.0298e-19
-5.97494e-19 -0.00138571 4.69467e-19
-6.34972e-19 -0.00139048 4.12714e-19
-9.2024e-19 -0.00139524 5.86969e-19
-6.90969e-19 -0.0014 4.59583e-19
-7.8366e-19 -0.00140476 5.54926e-19
-7.937e-19 -0.00140952 5.75439e-19
-7.46725e-19 -0.00141429 4.96095e-19
-9.72659e-19 -0.00141905 5.14117e-19
-8.91216e-19 -0.00142381 5.80882e-19
-8.25933e-19 -0.00142857 5.93258e-19
-6.58801e-19 -0.00143333 5.20199e-19
-8.20774e-19 -0.0014381 4.38028e-19
-8.93284e-19 -0.00144286 6.84945e-19
-5.28879e-19 -0.00144762 6.66427e-19
-9.38568e-19 -0.00145238 5.01513e-19
-9.06556e-19 -0.00145714 6.88181e-19
-8.787e-19 -0.0014619 6.36125e-19
-9.09984e-19 -0.00146667 5.58495e-19
-1.15472e-18 -0.00147143 6.31628e-19
-9.15851e-19 -0.00147619 6.81861e-19
-7.61353e-19 -0.00148095 5.91256e-19
-8.66609e-19 -0.00148571 5.32986e-19
-7.71579e-19 -0.00149048 4.91761e-19
-8.03208e-19 -0.00149524 5.76931e-19
-8.07184e-19 -0.0015 6.32249e-19
-1.17618e-18 -0.00150476 7.44219e-19
-1.05266e-18 -0.00150952 6.26975e-19
-8.19981e-19 -0.00151429 5.31987e-19
-7.59466e-19 -0.00151905 5.23921e-19
-8.52783e-19 -0.00152381 5.55612e-19
-5.76282e-19 -0.00152857 4.54803e-19
-7.10638e-19 -0.00153333 4.3326e-19
-7.48367e-19 -0.0015381 4.68228e-19
-5.14177e-19 -0.00154286 2.76469e-19
-6.31749e-19 -0.00154762 3.21639e-19
-8.35291e-19 -0.00155238 4.33295e-19
-8.15495e-19 -0.00155714 4.74681e-19
-6.13498e-19 -0.0015619 4.80205e-19
-7.85365e-19 -0.00156667 3.57163e-19
-6.82873e-19 -0.00157143 2.88376e-19
-3.99999e-19 -0.00157619 1.7421e-19
-3.84216e-19 -0.00158095 3.66183e-19
-4.70412e-19 -0.00158571 4.08264e-19
-5.35828e-19 -0.00159048 4.77832e-19
-5.05349e-19 -0.00159524 2.89881e-19
-9.18583e-19 -0.0016 3.88523e-19
-9.8138e-19 -0.00160476 7.53558e-19
-8.8096e-19 -0.00160952 5.19786e-19
-9.6704e-19 -0.00161429 4.04068e-19
-9.50103e-19 -0.00161905 5.60446e-19
-8.15224e-19 -0.00162381 3.94451e-19
-7.19272e-19 -0.00162857 2.08187e-19
-9.23262e-19 -0.00163333 2.46734e-19
-6.65439e-19 -0.0016381 1.30652e-19
-5.8176e-19 -0.00164286 1.12496e-19
-8.04555e-19 -0.00164762 3.64933e-19
-4.04275e-19 -0.00165238 2.79181e-19
-1.62631e-19 -0.00165714 1.95715e-19
-2.53408e-19 -0.0016619 1.66256e-19
-6.04176e-19 -0.00166667 3.767e-19
-8.00004e-19 -0.00167143 7.19559e-19
-8.50846e-19 -0.00167619 7.39571e-19
-8.35527e-19 -0.00168095 6.26543e-19
-7.56993e-19 -0.00168571 5.59448e-19
-9.75334e-19 -0.00169048 6.43427e-19
-9.25811e-19 -0.00169524 6.80832e-19
-6.8184e-19 -0.0017 5.10553e-19
-7.4989e-19 -0.00170476 4.26059e-19
-6.35349e-19 -0.00170952 5.83112e-19
-7.03965e-19 -0.00171429 4.34221e-19
-4.53833e-19 -0.00171905 4.68622e-19
-5.70067e-19 -0.00172381 5.34332e-19
-6.42095e-19 -0.00172857 6.40148e-19
-5.87776e-19 -0.00173333 6.7471e-19
-7.95299e-19 -0.0017381 4.82111e-19
-6.90355e-19 -0.00174286 7.80339e-19
-8.47054e-19 -0.00174762 8.33404e-19
-9.01591e-19 -0.00175238 7.09807e-19
-9.17822e-19 -0.00175714 6.35022e-19
-1.09558e-18 -0.0017619 7.85854e-19
-1.04009e-18 -0.00176667 7.66801e-19
-9.25538e-19 -0.00177143 6.19276e-19
-8.83433e-19 -0.00177619 6.15024e-19
-8.7852e-19 -0.00178095 7.57217e-19
-9.19335e-19 -0.00178571 6.73731e-19
-1.05644e-18 -0.00179048 5.60604e-19
-6.98029e-19 -0.00179524 4.17036e-19
-9.50759e-19 -0.0018 4.52295e-19
-1.1672e-18 -0.00180476 5.84482e-19
-1.0585e-18 -0.00180952 4.85433e-19
-7.18808e-19 -0.00181429 3.32216e-19
-6.39927e-19 -0.00181905 2.96988e-19
-5.22397e-19 -0.00182381 1.30362e-19
-6.95836e-19 -0.00182857 9.57855e-20
-7.4185e-19 -0.00183333 4.94641e-20
-5.01308e-19 -0.0018381 7.70695e-20
-6.85812e-19 -0.00184286 -1.67122e-19
-7.40316e-19 -0.00184762 1.72879e-19
-5.93027e-19 -0.00185238 3.75776e-19
-6.41527e-19 -0.00185714 4.53869e-19
-5.70035e-19 -0.0018619 5.40466e-19
-6.85975e-19 -0.00186667 5.3242e-19
-6.96665e-19 -0.00187143 6.26983e-19
-7.66613e-19 -0.00187619 5.77898e-19
-7.74414e-19 -0.00188095 6.32601e-19
-7.55568e-19 -0.00188571 4.4087e-19
-7.73306e-19 -0.00189048 4.94785e-19
-7.23746e-19 -0.00189524 7.44499e-19
-8.05348e-19 -0.0019 7.13455e-19
-7.21423e-19 -0.00190476 2.80313e-19
0.005 -0.00186617 -0.00133136
0.01 -0.00182766 -0.00266254
0.015 -0.00179844 -0.00397411
0.02 -0.00181772 -0.00519098
0.025 -0.00189607 -0.00625476
0.03 -0.00201308 -0.00712459
0.035 -0.00214063 -0.00790591
0.04 -0.00228948 -0.00866042
0.045 -0.0024431 -0.00940266
0.05 -0.00259348 -0.0100924
0.055 -0.00275746 -0.0106617
0.06 -0.00293867 -0.0110477
0.065 -0.00311942 -0.0113722
0.07 -0.00331426 -0.0116567
0.075 -0.00350702 -0.0119446
0.08 -0.00369012 -0.0122268
0.085 -0.00386929 -0.0125307
0.09 -0.00404645 -0.0128732
0.095 -0.00422154 -0.0132562
0.1 -0.00439345 -0.0136986
0.105 -0.0045612 -0.0142182
0.11 -0.00472398 -0.0148321
0.115 -0.00488442 -0.015499
0.12 -0.00504068 -0.0162512
0.125 -0.00519148 -0.0171065
0.13 -0.00533869 -0.0180285
0.135 -0.00548073 -0.0190455
0.14 -0.00562192 -0.020095
0.145 -0.00576485 -0.0211484
0.15 -0.00590968 -0.0222038
0.155 -0.00605512 -0.0232618
0.16 -0.00619994 -0.0243243
0.165 -0.00634376 -0.025397
0.17 -0.00648671 -0.0264943
0.175 -0.00663077 -0.0276256
0.18 -0.0067793 -0.028774
0.185 -0.00693002 -0.0299269
0.19 -0.00707945 -0.0310815
0.195 -0.00722643 -0.0322372
0.2 -0.00737143 -0.0333935
0.205 -0.00751546 -0.0345495
0.21 -0.00765921 -0.0357044
0.215 -0.00780298 -0.0368584
0.22 -0.00794704 -0.0380114
0.225 -0.00809181 -0.0391633
0.23 -0.00823823 -0.0403139
0.235 -0.00838797 -0.0414634
0.24 -0.00854243 -0.0426118
0.245 -0.00870054 -0.0437586
0.25 -0.00885996 -0.0449035
0.255 -0.0090192 -0.0460459
0.26 -0.00917741 -0.0471854
0.265 -0.00933389 -0.0483221
0.27 -0.009488 -0.0494561
0.275 -0.00963932 -0.0505873
0.28 -0.0097879 -0.0517158
0.285 -0.00993423 -0.0528414
0.29 -0.0100788 -0.0539639
0.295 -0.0102218 -0.0550832
0.3 -0.0103626 -0.0561989
0.305 -0.0105013 -0.0573104
0.31 -0.0106399 -0.0584172
0.315 -0.0107787 -0.0595186
0.32 -0.0109181 -0.0606134
0.325 -0.0110584 -0.0617003
0.33 -0.0111996 -0.062778
0.335 -0.0113418 -0.0638457
0.34 -0.011485 -0.0649029
0.345 -0.0116291 -0.0659494
0.35 -0.0117739 -0.0669854
0.355 -0.0119194 -0.0680114
0.36 -0.0120653 -0.0690288
0.365 -0.0122115 -0.0700393
0.37 -0.0123581 -0.0710445
0.375 -0.012505 -0.0720452
0.38 -0.0126524 -0.0730411
0.385 -0.0128007 -0.0740296
0.39 -0.0129505 -0.0750055
0.395 -0.0131029 -0.0759611
0.4 -0.0132588 -0.0768887
0.395 -0.0133012 -0.0755612
0.39 -0.013343 -0.074247
0.385 -0.0133846 -0.0729538
0.38 -0.0134259 -0.071687
0.375 -0.0134671 -0.0704504
0.37 -0.0135082 -0.069246
0.365 -0.0135497 -0.068074
0.36 -0.013592 -0.0669338
0.355 -0.0136354 -0.0658234
0.35 -0.0136816 -0.0647407
0.345 -0.0137341 -0.0636845
0.34 -0.0137979 -0.0626536
0.335 -0.0138733 -0.0616449
0.33 -0.0139601 -0.0606554
0.325 -0.0140551 -0.0596821
0.32 -0.0141559 -0.0587212
0.315 -0.0142604 -0.0577688
0.31 -0.0143673 -0.0568236
0.305 -0.0144788 -0.0558926
0.3 -0.0146104 -0.0549804
0.295 -0.0147491 -0.0540821
0.29 -0.0148898 -0.053196
0.285 -0.015032 -0.0523236
0.28 -0.0151757 -0.0514668
0.275 -0.0153207 -0.0506274
0.27 -0.0154669 -0.0498068
0.265 -0.0156141 -0.0490055
0.26 -0.0157628 -0.0482241
0.255 -0.0159186 -0.0474716
0.25 -0.0160805 -0.0467495
0.245 -0.0162443 -0.0460478
0.24 -0.0164095 -0.0453629
0.235 -0.0165757 -0.0446916
0.23 -0.0167426 -0.0440305
0.225 -0.01691 -0.0433766
0.22 -0.0170776 -0.042727
0.215 -0.0172453 -0.0420792
0.21 -0.0174129 -0.0414308
0.205 -0.0175804 -0.0407801
0.2 -0.0177475 -0.0401252
0.195 -0.0179143 -0.0394647
0.19 -0.0180807 -0.0387973
0.185 -0.0182466 -0.0381218
0.18 -0.018412 -0.0374375
0.175 -0.018577 -0.0367435
0.17 -0.0187418 -0.0360392
0.165 -0.0189066 -0.0353239
0.16 -0.0190723 -0.0345972
0.155 -0.0192396 -0.0338586
0.15 -0.0194085 -0.0331081
0.145 -0.0195783 -0.0323459
0.14 -0.0197482 -0.031572
0.135 -0.0199181 -0.0307863
0.13 -0.0200879 -0.0299889
0.125 -0.0202575 -0.02918
0.12 -0.0204269 -0.0283599
0.115 -0.0205961 -0.0275287
0.11 -0.0207651 -0.0266869
0.105 -0.0209339 -0.0258347
0.1 -0.0211025 -0.0249724
0.095 -0.0212708 -0.0241006
0.09 -0.0214389 -0.0232194
0.085 -0.0216067 -0.0223296
0.08 -0.0217746 -0.0214319
0.075 -0.0219428 -0.0205276
0.07 -0.022111 -0.0196168
0.065 -0.0222791 -0.0186994
0.06 -0.0224469 -0.0177758
0.055 -0.0226143 -0.0168463
0.05 -0.0227814 -0.0159114
0.045 -0.0229482 -0.0149714
0.04 -0.0231145 -0.0140269
0.035 -0.0232804 -0.0130781
0.03 -0.0234459 -0.0121255
0.025 -0.0236109 -0.0111695
0.02 -0.0237755 -0.0102105
0.015 -0.0239396 -0.00924884
0.01 -0.0241032 -0.00828493
0.005 -0.0242664 -0.00731913
-4.33681e-17 -0.024429 -0.00635178
-0.005 -0.0245912 -0.00538324
-0.01 -0.0247529 -0.00441383
-0.015 -0.0249141 -0.00344386
-0.02 -0.0250755 -0.00247357
-0.025 -0.0252372 -0.00150323
-0.03 -0.0253991 -0.000533108
-0.035 -0.0255612 0.000436532
-0.04 -0.0257235 0.00140545
-0.045 -0.0258861 0.00237342
-0.05 -0.0260489 0.00334022
-0.055 -0.0262121 0.00430565
-0.06 -0.0263754 0.00526951
-0.065 -0.0265391 0.00623162
-0.07 -0.026703 0.00719181
-0.075 -0.0268673 0.00814991
-0.08 -0.0270318 0.00910574
-0.085 -0.0271966 0.0100591
-0.09 -0.0273618 0.0110097
-0.095 -0.0275275 0.0119571
-0.1 -0.0276939 0.0129003
-0.105 -0.0278614 0.0138376
-0.11 -0.0280309 0.0147657
-0.115 -0.0282034 0.0156807
-0.12 -0.0283791 0.0165812
-0.125 -0.0285571 0.0174699
-0.13 -0.0287366 0.0183503
-0.135 -0.028917 0.0192239
-0.14 -0.0290983 0.0200915
-0.145 -0.0292805 0.0209531
-0.15 -0.0294633 0.0218089
-0.155 -0.029647 0.0226591
-0.16 -0.0298314 0.0235036
-0.165 -0.0300166 0.0243425
-0.17 -0.0302025 0.0251759
-0.175 -0.0303892 0.0260038
-0.18 -0.0305766 0.0268263
-0.185 -0.0307647 0.0276434
-0.19 -0.0309537 0.0284553
-0.195 -0.0311434 0.0292619
-0.2 -0.0313338 0.0300633
-0.195 -0.0313003 0.0287394
-0.19 -0.0312668 0.0274323
-0.185 -0.0312335 0.0261502
-0.18 -0.0312008 0.0248985
-0.175 -0.0311688 0.0236802
-0.17 -0.0311378 0.0224965
-0.165 -0.0311083 0.021347
-0.16 -0.0310808 0.0202303
-0.155 -0.0310557 0.0191439
-0.15 -0.0310336 0.0180849
-0.145 -0.0310149 0.0170501
-0.14 -0.0309999 0.0160365
-0.135 -0.0309891 0.0150413
-0.13 -0.0309824 0.0140615
-0.125 -0.0309799 0.0130949
-0.12 -0.0309814 0.0121388
-0.115 -0.0309867 0.0111913
-0.11 -0.0309954 0.0102507
-0.105 -0.0310072 0.0093154
-0.1 -0.0310216 0.00838424
-0.095 -0.0310384 0.0074564
-0.09 -0.0310573 0.00653133
-0.085 -0.0310782 0.00560893
-0.08 -0.0311012 0.00468943
-0.075 -0.0311263 0.00377337
-0.07 -0.0311535 0.00286146
-0.065 -0.0311829 0.00195447
-0.06 -0.0312144 0.00105316
-0.055 -0.0312479 0.000158165
-0.05 -0.0312833 -0.000729979
-0.045 -0.0313206 -0.00161091
-0.04 -0.0313597 -0.00248444
-0.035 -0.0314003 -0.00335063
-0.03 -0.0314423 -0.0042097
-0.025 -0.0314857 -0.00506208
-0.02 -0.0315301 -0.00590835
-0.015 -0.0315756 -0.00674918
-0.01 -0.031622 -0.00758536
-0.005 -0.0316692 -0.0084177
-3.98986e-17 -0.0317171 -0.00924703
0.005 -0.0317657 -0.0100742
0.01 -0.0318154 -0.0109
0.015 -0.0318673 -0.0117251
0.02 -0.0319229 -0.0125504
0.025 -0.0319806 -0.0133767
0.03 -0.0320395 -0.0142045
0.035 -0.0320992 -0.0150346
0.04 -0.0321597 -0.0158672
0.045 -0.0322209 -0.0167028
0.05 -0.0322829 -0.0175416
0.055 -0.0323456 -0.018384
0.06 -0.032409 -0.0192302
0.065 -0.0324732 -0.0200803
0.07 -0.0325381 -0.0209345
0.075 -0.0326037 -0.021793
0.08 -0.03267 -0.0226556
0.085 -0.032737 -0.0235226
0.09 -0.0328047 -0.0243937
0.095 -0.0328731 -0.025269
0.1 -0.0329423 -0.0261484
0.105 -0.0330121 -0.0270318
0.11 -0.0330827 -0.0279191
0.115 -0.033154 -0.0288101
0.12 -0.033226 -0.0297047
0.125 -0.0332988 -0.0306026
0.13 -0.0333725 -0.0315038
0.135 -0.0334468 -0.0324081
0.14 -0.0335219 -0.0333153
0.145 -0.0335976 -0.0342253
0.15 -0.0336739 -0.035138
0.155 -0.0337505 -0.0360534
0.16 -0.0338274 -0.0369712
0.165 -0.0339046 -0.0378913
0.17 -0.0339819 -0.0388137
0.175 -0.0340595 -0.0397379
0.18 -0.0341371 -0.0406638
0.185 -0.0342149 -0.0415911
0.19 -0.0342929 -0.0425196
0.195 -0.0343709 -0.0434491
0.2 -0.0344492 -0.0443792
0.205 -0.0345276 -0.0453096
0.21 -0.0346065 -0.0462395
0.215 -0.0346859 -0.0471681
0.22 -0.0347663 -0.0480941
0.225 -0.0348479 -0.0490162
0.23 -0.0349309 -0.0499339
0.235 -0.0350152 -0.0508478
0.24 -0.0351003 -0.0517587
0.245 -0.0351861 -0.052667
0.25 -0.0352725 -0.0535731
0.255 -0.0353593 -0.0544769
0.26 -0.0354465 -0.0553784
0.265 -0.0355343 -0.0562775
0.27 -0.0356224 -0.0571741
0.275 -0.035711 -0.0580681
0.28 -0.0358 -0.0589593
0.285 -0.0358894 -0.0598479
0.29 -0.0359792 -0.0607336
0.295 -0.0360695 -0.0616163
0.3 -0.0361601 -0.0624961
0.305 -0.0362511 -0.0633729
0.31 -0.0363425 -0.0642465
0.315 -0.0364342 -0.0651171
0.32 -0.0365263 -0.0659846
0.325 -0.0366188 -0.0668488
0.33 -0.0367116 -0.0677099
0.335 -0.0368048 -0.0685678
0.34 -0.0368983 -0.0694225
0.345 -0.0369921 -0.0702741
0.35 -0.0370862 -0.0711224
0.355 -0.0371806 -0.0719675
0.36 -0.0372753 -0.0728095
0.365 -0.0373703 -0.0736484
0.37 -0.0374656 -0.0744842
0.375 -0.0375611 -0.0753168
0.38 -0.0376569 -0.0761465
0.385 -0.0377529 -0.0769731
0.39 -0.0378492 -0.0777967
0.395 -0.0379457 -0.0786174
0.4 -0.0380424 -0.0794351
0.405 -0.0381394 -0.08025
0.41 -0.0382365 -0.0810621
0.415 -0.0383338 -0.0818714
0.42 -0.0384313 -0.082678
0.425 -0.038529 -0.0834818
0.43 -0.0386269 -0.084283
0.435 -0.0387249 -0.0850816
0.44 -0.0388231 -0.0858777
0.445 -0.0389214 -0.0866712
0.45 -0.0390198 -0.0874624
0.455 -0.0391184 -0.0882512
0.46 -0.0392171 -0.0890377
0.465 -0.0393159 -0.0898221
0.47 -0.0394148 -0.0906044
0.475 -0.0395139 -0.0913846
0.48 -0.039613 -0.0921631
0.485 -0.0397122 -0.0929397
0.49 -0.0398115 -0.0937148
0.495 -0.0399109 -0.0944885
0.5 -0.0400104 -0.0952609
0.505 -0.04011 -0.0960323
0.51 -0.0402097 -0.0968028
0.515 -0.0403095 -0.0975726
0.52 -0.0404093 -0.0983418
0.525 -0.0405094 -0.0991105
0.53 -0.0406096 -0.099879
0.535 -0.04071 -0.100647
0.54 -0.0408106 -0.101415
0.545 -0.0409115 -0.102184
0.55 -0.0410128 -0.102952
0.555 -0.0411146 -0.103721
0.56 -0.0412169 -0.104489
0.565 -0.0413199 -0.105258
0.57 -0.0414238 -0.106027
0.575 -0.0415287 -0.106795
0.58 -0.0416347 -0.107564
0.585 -0.041742 -0.108331
0.59 -0.0418506 -0.109099
0.595 -0.0419603 -0.109866
0.6 -0.0420711 -0.110634
0.595 -0.0421123 -0.109308
0.59 -0.0421534 -0.108001
0.585 -0.0421942 -0.106719
0.58 -0.042235 -0.105467
0.575 -0.0422758 -0.104247
0.57 -0.0423171 -0.10306
0.565 -0.0423606 -0.101905
0.56 -0.0424072 -0.100783
0.555 -0.042456 -0.0996888
0.55 -0.0425067 -0.0986211
0.545 -0.0425594 -0.0975767
0.54 -0.0426145 -0.0965526
0.535 -0.042673 -0.0955464
0.53 -0.0427338 -0.0945555
0.525 -0.0427975 -0.0935782
0.52 -0.0428651 -0.092613
0.515 -0.0429357 -0.0916581
0.51 -0.0430083 -0.0907118
0.505 -0.0430823 -0.0897727
0.5 -0.0431574 -0.0888394
0.495 -0.0432337 -0.0879109
0.49 -0.043318 -0.0869858
0.485 -0.0434054 -0.0860634
0.48 -0.0434953 -0.085143
0.475 -0.0435874 -0.0842239
0.47 -0.0436813 -0.0833055
0.465 -0.0437768 -0.0823875
0.46 -0.0438737 -0.0814698
0.455 -0.0439716 -0.0805521
0.45 -0.0440706 -0.0796346
0.445 -0.0441703 -0.0787174
0.44 -0.0442709 -0.0778006
0.435 -0.0443722 -0.0768845
0.43 -0.0444741 -0.0759692
0.425 -0.0445766 -0.0750551
0.42 -0.0446798 -0.0741423
0.415 -0.0447835 -0.073231
0.41 -0.0448878 -0.0723212
0.405 -0.0449925 -0.0714131
0.4 -0.0450978 -0.0705066
0.395 -0.0452034 -0.0696016
0.39 -0.0453093 -0.0686979
0.385 -0.0454156 -0.0677953
0.38 -0.0455222 -0.0668936
0.375 -0.045629 -0.0659925
0.37 -0.0457361 -0.0650916
0.365 -0.0458434 -0.0641906
0.36 -0.0459509 -0.0632892
0.355 -0.0460585 -0.062387
0.35 -0.0461664 -0.0614838
0.345 -0.0462743 -0.0605792
0.34 -0.0463825 -0.0596729
0.335 -0.0464908 -0.0587648
0.33 -0.0465992 -0.0578546
0.325 -0.0467079 -0.0569421
0.32 -0.046817 -0.0560271
0.315 -0.0469267 -0.0551095
0.31 -0.0470375 -0.0541891
0.305 -0.04715 -0.0532658
0.3 -0.0472654 -0.0523394
0.295 -0.0473839 -0.0514098
0.29 -0.0475045 -0.0504773
0.285 -0.0476261 -0.0495424
0.28 -0.0477486 -0.048605
0.275 -0.0478718 -0.047665
0.27 -0.0479955 -0.0467224
0.265 -0.0481197 -0.0457773
0.26 -0.0482445 -0.0448299
0.255 -0.0483698 -0.0438801
0.25 -0.0484957 -0.0429281
0.245 -0.048622 -0.0419741
0.24 -0.0487488 -0.0410181
0.235 -0.0488761 -0.0400604
0.23 -0.0490038 -0.0391009
0.225 -0.049132 -0.03814
0.22 -0.0492607 -0.0371776
0.215 -0.0493898 -0.036214
0.21 -0.0495193 -0.0352493
0.205 -0.0496493 -0.0342836
0.2 -0.0497796 -0.0333172
0.195 -0.0499104 -0.03235
0.19 -0.0500416 -0.0313823
0.185 -0.0501732 -0.0304143
0.18 -0.0503053 -0.0294461
0.175 -0.0504379 -0.028478
0.17 -0.0505711 -0.0275104
0.165 -0.050705 -0.0265435
0.16 -0.0508399 -0.0255781
0.155 -0.0509758 -0.0246144
0.15 -0.0511127 -0.0236529
0.145 -0.0512507 -0.0226934
0.14 -0.0513895 -0.0217358
0.135 -0.051529 -0.0207799
0.13 -0.051669 -0.0198257
0.125 -0.0518095 -0.0188732
0.12 -0.0519505 -0.0179225
0.115 -0.0520919 -0.0169737
0.11 -0.0522339 -0.0160268
0.105 -0.0523762 -0.015082
0.1 -0.0525191 -0.0141394
0.095 -0.0526624 -0.013199
0.09 -0.0528062 -0.012261
0.085 -0.0529504 -0.0113255
0.08 -0.0530951 -0.0103926
0.075 -0.0532402 -0.00946228
0.07 -0.0533858 -0.00853474
0.065 -0.0535318 -0.00761004
0.06 -0.0536783 -0.00668826
0.055 -0.0538253 -0.00576948
0.05 -0.0539726 -0.00485377
0.045 -0.0541205 -0.00394118
0.04 -0.0542687 -0.00303177
0.035 -0.0544174 -0.00212559
0.03 -0.0545666 -0.00122271
0.025 -0.0547162 -0.000323185
0.02 -0.0548662 0.000572945
0.015 -0.0550167 0.00146562
0.01 -0.0551676 0.00235481
0.005 -0.0553189 0.00324046
-4.33681e-17 -0.0554707 0.00412253
-0.005 -0.0556229 0.00500099
-0.01 -0.0557755 0.0058758
-0.015 -0.0559286 0.00674694
-0.02 -0.056082 0.00761438
-0.025 -0.0562359 0.0084781
-0.03 -0.0563902 0.00933808
-0.035 -0.0565448 0.0101943
-0.04 -0.0566999 0.0110467
-0.045 -0.0568554 0.0118954
-0.05 -0.0570113 0.0127403
-0.055 -0.0571675 0.0135814
-0.06 -0.0573241 0.0144187
-0.065 -0.0574811 0.0152522
-0.07 -0.0576385 0.0160819
-0.075 -0.0577962 0.0169078
-0.08 -0.0579543 0.01773
-0.085 -0.0581128 0.0185484
-0.09 -0.0582716 0.0193631
-0.095 -0.0584307 0.0201741
-0.1 -0.0585901 0.0209813
-0.105 -0.0587499 0.0217849
-0.11 -0.05891 0.0225848
-0.115 -0.0590704 0.0233811
-0.12 -0.0592311 0.0241738
-0.125 -0.0593921 0.0249629
-0.13 -0.0595534 0.0257484
-0.135 -0.059715 0.0265305
-0.14 -0.0598768 0.0273091
-0.145 -0.0600389 0.0280842
-0.15 -0.0602013 0.0288559
-0.155 -0.0603639 0.0296243
-0.16 -0.0605268 0.0303894
-0.165 -0.0606899 0.0311511
-0.17 -0.0608533 0.0319097
-0.175 -0.0610169 0.032665
-0.18 -0.0611807 0.0334172
-0.185 -0.0613447 0.0341662
-0.19 -0.0615089 0.0349122
-0.195 -0.0616733 0.0356552
-0.2 -0.0618379 0.0363952
-0.205 -0.0620027 0.0371323
-0.21 -0.0621677 0.0378665
-0.215 -0.0623329 0.0385979
-0.22 -0.0624982 0.0393265
-0.225 -0.0626637 0.0400523
-0.23 -0.0628294 0.0407754
-0.235 -0.0629952 0.041496
-0.24 -0.0631612 0.0422139
-0.245 -0.0633273 0.0429292
-0.25 -0.0634936 0.0436421
-0.255 -0.06366 0.0443525
-0.26 -0.0638265 0.0450606
-0.265 -0.0639932 0.0457662
-0.27 -0.0641601 0.0464696
-0.275 -0.064327 0.0471707
-0.28 -0.0644941 0.0478696
-0.285 -0.0646613 0.0485663
-0.29 -0.0648287 0.0492609
-0.295 -0.0649962 0.0499535
-0.3 -0.0651638 0.050644
-0.305 -0.0653315 0.0513326
-0.31 -0.0654994 0.0520192
-0.315 -0.0656674 0.052704
-0.32 -0.0658355 0.0533869
-0.325 -0.0660038 0.054068
-0.33 -0.0661722 0.0547474
-0.335 -0.0663408 0.0554251
-0.34 -0.0665095 0.0561011
-0.345 -0.0666784 0.0567756
-0.35 -0.0668474 0.0574484
-0.355 -0.0670167 0.0581198
-0.36 -0.0671861 0.0587897
-0.365 -0.0673557 0.0594581
-0.37 -0.0675255 0.0601252
-0.375 -0.0676955 0.0607909
-0.38 -0.0678657 0.0614554
-0.385 -0.0680362 0.0621185
-0.39 -0.068207 0.0627805
-0.395 -0.0683781 0.0634412
-0.4 -0.0685494 0.0641009
-0.395 -0.0685146 0.0627779
-0.39 -0.0684796 0.0614734
-0.385 -0.0684446 0.0601942
-0.38 -0.0684097 0.058944
-0.375 -0.0683749 0.0577248
-0.37 -0.0683402 0.056537
-0.365 -0.0683056 0.05538
-0.36 -0.0682713 0.0542523
-0.355 -0.0682372 0.0531518
-0.35 -0.0682037 0.0520761
-0.345 -0.068171 0.0510228
-0.34 -0.0681397 0.0499895
-0.335 -0.0681104 0.0489739
-0.33 -0.0680833 0.0479737
-0.325 -0.0680586 0.0469871
-0.32 -0.068036 0.0460118
-0.315 -0.0680151 0.0450463
-0.31 -0.0679956 0.0440889
-0.305 -0.0679772 0.0431381
-0.3 -0.0679598 0.0421927
-0.295 -0.0679432 0.0412515
-0.29 -0.0679275 0.0403135
-0.285 -0.0679126 0.0393776
-0.28 -0.0678987 0.0384429
-0.275 -0.0678859 0.0375086
-0.27 -0.0678741 0.0365738
-0.265 -0.0678635 0.035638
-0.26 -0.0678541 0.0347005
-0.255 -0.067846 0.0337611
-0.25 -0.0678394 0.0328194
-0.245 -0.0678342 0.0318753
-0.24 -0.0678305 0.030929
-0.235 -0.0678284 0.0299807
-0.23 -0.0678278 0.0290303
-0.225 -0.0678286 0.0280781
-0.22 -0.0678309 0.0271238
-0.215 -0.0678345 0.0261676
-0.21 -0.0678405 0.0252105
-0.205 -0.0678481 0.0242522
-0.2 -0.0678571 0.0232926
-0.195 -0.0678674 0.0223319
-0.19 -0.0678789 0.0213702
-0.185 -0.0678916 0.0204077
-0.18 -0.0679055 0.0194446
-0.175 -0.0679206 0.018481
-0.17 -0.0679367 0.0175171
-0.165 -0.0679538 0.016553
-0.16 -0.0679719 0.0155888
-0.155 -0.0679909 0.0146244
-0.15 -0.0680109 0.0136601
-0.145 -0.0680317 0.0126956
-0.14 -0.0680533 0.0117312
-0.135 -0.0680758 0.0107666
-0.13 -0.0680989 0.00980183
-0.125 -0.0681228 0.00883685
-0.12 -0.0681473 0.00787155
-0.115 -0.0681724 0.00690585
-0.11 -0.0681982 0.00593968
-0.105 -0.0682245 0.00497294
-0.1 -0.0682513 0.00400556
-0.095 -0.0682786 0.00303746
-0.09 -0.0683064 0.00206858
-0.085 -0.0683347 0.00109887
-0.08 -0.0683634 0.000128278
-0.075 -0.0683925 -0.00084323
-0.07 -0.068422 -0.00181568
-0.065 -0.0684518 -0.00278909
-0.06 -0.068482 -0.00376346
-0.055 -0.0685125 -0.00473878
-0.05 -0.0685434 -0.00571505
-0.045 -0.0685745 -0.00669225
-0.04 -0.0686059 -0.00767033
-0.035 -0.0686375 -0.00864927
-0.03 -0.0686694 -0.00962903
-0.025 -0.0687016 -0.0106096
-0.02 -0.068734 -0.0115908
-0.015 -0.0687665 -0.0125727
-0.01 -0.0687993 -0.0135552
-0.005 -0.0688323 -0.0145382
-1.21431e-17 -0.0688655 -0.0155217
0.005 -0.0688988 -0.0165056
0.01 -0.0689323 -0.0174898
0.015 -0.0689659 -0.0184743
0.02 -0.0689997 -0.0194589
0.025 -0.0690337 -0.0204437
0.03 -0.0690678 -0.0214285
0.035 -0.0691021 -0.0224133
0.04 -0.0691366 -0.023398
0.045 -0.0691713 -0.0243825
0.05 -0.0692063 -0.0253668
0.055 -0.0692417 -0.0263508
0.06 -0.0692776 -0.0273344
0.065 -0.0693143 -0.0283176
0.07 -0.0693522 -0.0293003
0.075 -0.0693917 -0.0302824
0.08 -0.0694338 -0.0312639
0.085 -0.0694794 -0.0322447
0.09 -0.0695288 -0.0332246
0.095 -0.0695813 -0.0342037
0.1 -0.0696355 -0.0351818
0.105 -0.0696908 -0.0361588
0.11 -0.0697468 -0.0371346
0.115 -0.0698033 -0.0381091
0.12 -0.0698603 -0.039082
0.125 -0.0699179 -0.0400531
0.13 -0.0699763 -0.0410218
0.135 -0.0700356 -0.0419878
0.14 -0.0700959 -0.0429505
0.145 -0.0701573 -0.0439098
0.15 -0.0702196 -0.0448658
0.155 -0.0702826 -0.0458189
0.16 -0.0703462 -0.0467693
0.165 -0.0704102 -0.0477174
0.17 -0.0704746 -0.0486631
0.175 -0.0705394 -0.0496064
0.18 -0.0706045 -0.0505473
0.185 -0.0706699 -0.0514858
0.19 -0.0707357 -0.0524219
0.195 -0.0708017 -0.0533554
0.2 -0.0708681 -0.0542865
0.205 -0.0709348 -0.055215
0.21 -0.0710017 -0.0561409
0.215 -0.071069 -0.0570642
0.22 -0.0711365 -0.0579849
0.225 -0.0712043 -0.058903
0.23 -0.0712724 -0.0598184
0.235 -0.0713407 -0.0607311
0.24 -0.0714093 -0.0616412
0.245 -0.0714781 -0.0625485
0.25 -0.0715472 -0.0634532
0.255 -0.0716166 -0.0643551
0.26 -0.0716861 -0.0652544
0.265 -0.0717559 -0.066151
0.27 -0.071826 -0.0670449
0.275 -0.0718962 -0.0679361
0.28 -0.0719667 -0.0688247
0.285 -0.0720374 -0.0697106
0.29 -0.0721083 -0.0705939
0.295 -0.0721793 -0.0714747
0.3 -0.0722506 -0.0723529
0.305 -0.0723221 -0.0732285
0.31 -0.0723937 -0.0741016
0.315 -0.0724655 -0.0749723
0.32 -0.0725375 -0.0758405
0.325 -0.0726097 -0.0767063
0.33 -0.072682 -0.0775698
0.335 -0.0727544 -0.0784309
0.34 -0.072827 -0.0792898
0.345 -0.0728997 -0.0801464
0.35 -0.0729726 -0.0810008
0.355 -0.0730456 -0.0818531
0.36 -0.0731187 -0.0827032
0.365 -0.0731919 -0.0835513
0.37 -0.0732652 -0.0843973
0.375 -0.0733386 -0.0852414
0.38 -0.0734121 -0.0860836
0.385 -0.0734857 -0.0869238
0.39 -0.0735594 -0.0877623
0.395 -0.0736331 -0.0885989
0.4 -0.0737069 -0.0894338
0.405 -0.0737808 -0.0902671
0.41 -0.0738547 -0.0910986
0.415 -0.0739287 -0.0919286
0.42 -0.0740027 -0.0927571
0.425 -0.0740767 -0.0935841
0.43 -0.0741508 -0.0944096
0.435 -0.0742249 -0.0952338
0.44 -0.074299 -0.0960567
0.445 -0.0743731 -0.0968783
0.45 -0.0744472 -0.0976988
0.455 -0.0745214 -0.0985182
0.46 -0.0745955 -0.0993366
0.465 -0.0746695 -0.100154
0.47 -0.0747436 -0.100971
0.475 -0.0748176 -0.101786
0.48 -0.0748916 -0.102602
0.485 -0.0749655 -0.103416
0.49 -0.0750394 -0.104231
0.495 -0.0751132 -0.105044
0.5 -0.075187 -0.105858
0.505 -0.0752606 -0.106672
0.51 -0.0753342 -0.107486
0.515 -0.0754077 -0.1083
0.52 -0.075481 -0.109115
0.525 -0.0755543 -0.109931
0.53 -0.0756274 -0.110747
0.535 -0.0757004 -0.111565
0.54 -0.0757732 -0.112384
0.545 -0.0758459 -0.113204
0.55 -0.0759184 -0.114026
0.555 -0.0759907 -0.11485
0.56 -0.0760628 -0.115676
0.565 -0.0761348 -0.116505
0.57 -0.0762065 -0.117336
0.575 -0.076278 -0.11817
0.58 -0.0763493 -0.119007
0.585 -0.0764203 -0.119847
0.59 -0.0764912 -0.120689
0.595 -0.0765617 -0.121536
0.6 -0.0766321 -0.122385
0.605 -0.0767021 -0.123238
0.61 -0.0767719 -0.124094
0.615 -0.0768415 -0.124954
0.62 -0.0769108 -0.125817
0.625 -0.0769798 -0.126684
0.63 -0.0770485 -0.127555
0.635 -0.077117 -0.128428
0.64 -0.0771852 -0.129306
0.645 -0.0772531 -0.130186
0.65 -0.0773208 -0.131071
0.655 -0.0773882 -0.131958
0.66 -0.0774553 -0.132849
0.665 -0.0775221 -0.133744
0.67 -0.0775886 -0.134642
0.675 -0.0776549 -0.135543
0.68 -0.0777208 -0.136448
0.685 -0.0777865 -0.137357
0.69 -0.0778519 -0.138268
0.695 -0.077917 -0.139184
0.7 -0.0779818 -0.140102
0.705 -0.0780463 -0.141024
0.71 -0.0781105 -0.14195
0.715 -0.0781744 -0.142879
0.72 -0.078238 -0.143811
0.725 -0.0783013 -0.144747
0.73 -0.0783643 -0.145686
0.735 -0.0784271 -0.146629
0.74 -0.0784895 -0.147575
0.745 -0.0785516 -0.148525
0.75 -0.0786134 -0.149477
0.755 -0.0786749 -0.150434
0.76 -0.0787361 -0.151393
0.765 -0.0787969 -0.152356
0.77 -0.0788575 -0.153323
0.775 -0.0789178 -0.154292
0.78 -0.0789778 -0.155265
0.785 -0.0790374 -0.156241
0.79 -0.0790968 -0.15722
0.795 -0.0791559 -0.158203
0.8 -0.0792147 -0.159188
0.795 -0.0792546 -0.157862
0.79 -0.0792944 -0.15655
0.785 -0.0793339 -0.15526
0.78 -0.0793732 -0.153994
0.775 -0.0794125 -0.152755
0.77 -0.0794518 -0.151542
0.765 -0.0794912 -0.150357
0.76 -0.0795309 -0.149196
0.755 -0.079571 -0.14806
0.75 -0.0796116 -0.146946
0.745 -0.0796527 -0.145851
0.74 -0.0796945 -0.144774
0.735 -0.0797368 -0.143712
0.73 -0.0797799 -0.142664
0.725 -0.0798237 -0.141629
0.72 -0.079868 -0.140604
0.715 -0.0799129 -0.139589
0.71 -0.0799582 -0.138583
0.705 -0.0800044 -0.137583
0.7 -0.080052 -0.13659
0.695 -0.0801 -0.135601
0.69 -0.0801484 -0.134617
0.685 -0.0801971 -0.133636
0.68 -0.0802461 -0.132657
0.675 -0.0802952 -0.131679
0.67 -0.0803446 -0.130701
0.665 -0.080394 -0.129724
0.66 -0.0804437 -0.128745
0.655 -0.0804934 -0.127766
0.65 -0.0805431 -0.126785
0.645 -0.080593 -0.125802
0.64 -0.0806428 -0.124816
0.635 -0.0806927 -0.123829
0.63 -0.0807427 -0.122838
0.625 -0.0807926 -0.121845
0.62 -0.0808426 -0.120849
0.615 -0.0808927 -0.11985
0.61 -0.0809429 -0.118848
0.605 -0.0809931 -0.117843
0.6 -0.0810434 -0.116835
0.595 -0.0810939 -0.115825
0.59 -0.0811445 -0.114811
0.585 -0.0811953 -0.113795
0.58 -0.0812463 -0.112777
0.575 -0.0812976 -0.111756
0.57 -0.081349 -0.110733
0.565 -0.0814008 -0.109709
0.56 -0.0814529 -0.108682
0.555 -0.0815053 -0.107654
0.55 -0.0815581 -0.106624
0.545 -0.0816112 -0.105593
0.54 -0.0816648 -0.104561
0.535 -0.0817187 -0.103528
0.53 -0.0817732 -0.102493
0.525 -0.0818281 -0.101459
0.52 -0.0818834 -0.100423
0.515 -0.0819393 -0.0993869
0.51 -0.0819956 -0.0983502
0.505 -0.0820525 -0.0973131
0.5 -0.0821098 -0.0962757
0.495 -0.0821677 -0.095238
0.49 -0.0822261 -0.0941999
0.485 -0.082285 -0.0931617
0.48 -0.0823445 -0.0921232
0.475 -0.0824046 -0.0910845
0.47 -0.0824652 -0.0900457
0.465 -0.0825264 -0.0890067
0.46 -0.0825882 -0.0879677
0.455 -0.0826506 -0.0869285
0.45 -0.0827137 -0.0858893
0.445 -0.0827777 -0.0848503
0.44 -0.082844 -0.0838116
0.435 -0.0829118 -0.0827734
0.43 -0.0829805 -0.0817352
0.425 -0.0830499 -0.0806971
0.42 -0.0831199 -0.0796591
0.415 -0.0831907 -0.0786213
0.41 -0.0832622 -0.0775836
0.405 -0.0833343 -0.076546
0.4 -0.0834071 -0.0755086
0.395 -0.0834805 -0.0744714
0.39 -0.0835545 -0.0734345
0.385 -0.0836291 -0.0723977
0.38 -0.0837043 -0.0713612
0.375 -0.0837801 -0.0703251
0.37 -0.0838564 -0.0692892
0.365 -0.0839332 -0.0682537
0.36 -0.0840105 -0.0672185
0.355 -0.0840883 -0.0661838
0.35 -0.0841666 -0.0651496
0.345 -0.0842454 -0.0641158
0.34 -0.0843246 -0.0630826
0.335 -0.0844042 -0.0620499
0.33 -0.0844842 -0.0610178
0.325 -0.0845647 -0.0599863
0.32 -0.0846455 -0.0589556
0.315 -0.0847267 -0.0579255
0.31 -0.0848082 -0.0568963
0.305 -0.0848901 -0.0558678
0.3 -0.0849723 -0.0548401
0.305 -0.0849337 -0.0561674
0.31 -0.084894 -0.0574795
0.315 -0.0848529 -0.0587697
0.32 -0.0848105 -0.060034
0.325 -0.0847668 -0.0612702
0.33 -0.0847219 -0.0624771
0.335 -0.0846759 -0.063655
0.34 -0.084629 -0.0648051
0.345 -0.0845814 -0.0659293
0.35 -0.0845332 -0.06703
0.355 -0.0844849 -0.0681097
0.36 -0.0844367 -0.0691709
0.365 -0.084389 -0.0702158
0.37 -0.0843421 -0.0712467
0.375 -0.0842962 -0.0722654
0.38 -0.0842514 -0.0732736
0.385 -0.0842078 -0.0742729
0.39 -0.0841651 -0.0752647
0.395 -0.0841234 -0.0762503
0.4 -0.0840826 -0.0772311
0.405 -0.0840425 -0.078208
0.41 -0.0840032 -0.0791823
0.415 -0.0839646 -0.0801547
0.42 -0.0839267 -0.0811263
0.425 -0.0838896 -0.0820976
0.43 -0.0838532 -0.0830693
0.435 -0.0838175 -0.084042
0.44 -0.0837827 -0.085016
0.445 -0.0837487 -0.0859916
0.45 -0.0837155 -0.0869691
0.455 -0.0836831 -0.0879487
0.46 -0.0836517 -0.0889303
0.465 -0.0836212 -0.089914
0.47 -0.0835916 -0.0908998
0.475 -0.083563 -0.0918875
0.48 -0.0835354 -0.0928772
0.485 -0.0835088 -0.0938686
0.49 -0.0834831 -0.0948617
0.495 -0.0834585 -0.0958563
0.5 -0.0834352 -0.0968523
0.505 -0.0834141 -0.0978497
0.51 -0.0833946 -0.0988483
0.515 -0.0833763 -0.0998482
0.52 -0.0833591 -0.100849
0.525 -0.0833431 -0.101852
0.53 -0.0833283 -0.102856
0.535 -0.0833154 -0.10386
0.54 -0.083305 -0.104861
0.545 -0.0832962 -0.105863
0.55 -0.0832887 -0.106864
0.555 -0.0832824 -0.107865
0.56 -0.0832775 -0.108867
0.565 -0.0832738 -0.109868
0.57 -0.0832713 -0.11087
0.575 -0.08327 -0.111871
0.58 -0.08327 -0.112872
0.585 -0.0832712 -0.113873
0.59 -0.0832735 -0.114874
0.595 -0.0832768 -0.115875
0.6 -0.0832812 -0.116875
