-50000 -5.68434e-13
-100000 -1.36424e-12
-150000 -1.59162e-12
-200000 -2.72848e-12
-250000 4.54747e-13
-300000 -1.36424e-12
-350000 -1.81899e-12
-400000 -5.45697e-12
-450000 -1.54614e-11
-500000 0
-550000 -4.54747e-12
-600000 -5.45697e-12
-650000 -7.27596e-12
-700000 -7.27596e-12
-750000 -1.09139e-11
-800000 -3.63798e-12
-850000 -9.09495e-12
-900000 -3.09228e-11
-950000 1.81899e-12
-1e+06 1.81899e-12
-1.05e+06 -7.27596e-12
-1.1e+06 -5.45697e-12
-1.15e+06 -2.18279e-11
-1.2e+06 -3.45608e-11
-1.25e+06 -2.00089e-11
-1.3e+06 -2.18279e-11
-1.35e+06 -3.45608e-11
-1.4e+06 -3.63798e-12
-1.45e+06 -1.45519e-11
-1.5e+06 -1.81899e-11
-1.55e+06 -4.00178e-11
-1.6e+06 -1.81899e-11
-1.65e+06 -1.81899e-11
-1.7e+06 -1.81899e-11
-1.75e+06 -3.63798e-11
-1.8e+06 -1.45519e-11
-1.85e+06 -3.27418e-11
-1.9e+06 3.63798e-12
-1.95e+06 -1.81899e-11
-2e+06 0
-2.05e+06 7.27596e-12
-2.1e+06 -2.18279e-11
-2.15e+06 1.81899e-11
-2.2e+06 1.81899e-11
-2.25e+06 -4.00178e-11
-2.3e+06 -3.63798e-11
-2.35e+06 3.63798e-12
-2.4e+06 -5.45697e-11
-2.45e+06 0
-2.5e+06 -4.00178e-11
-2.55e+06 -2.91038e-11
-2.6e+06 -4.00178e-11
-2.65e+06 -7.27596e-11
-2.7e+06 -6.91216e-11
-2.75e+06 -8.00355e-11
-2.8e+06 5.09317e-11
-2.85e+06 -8.73115e-11
-2.9e+06 -1.45519e-11
-2.95e+06 -2.18279e-11
-3e+06 -2.18279e-11
-3.05e+06 -2.18279e-11
-3.1e+06 -2.18279e-11
-3.15e+06 -2.18279e-11
-3.2e+06 -4.36557e-11
-3.25e+06 -1.09139e-10
-3.3e+06 2.18279e-11
-3.35e+06 -7.27596e-11
-3.4e+06 -3.63798e-11
-3.45e+06 -1.01863e-10
-3.5e+06 -5.82077e-11
-3.55e+06 -2.18279e-11
-3.6e+06 -5.82077e-11
-3.65e+06 -2.91038e-11
-3.7e+06 -3.63798e-11
-3.75e+06 -2.18279e-11
-3.8e+06 -6.54836e-11
-3.85e+06 -2.18279e-11
-3.9e+06 -3.63798e-11
-3.95e+06 -4.36557e-11
-4e+06 0
-4.05e+06 0
-4.1e+06 0
-4.15e+06 -2.18279e-11
-4.2e+06 -4.36557e-11
-4.25e+06 7.27596e-12
-4.3e+06 3.63798e-11
-4.35e+06 -1.45519e-11
-4.4e+06 -3.63798e-11
-4.45e+06 -2.18279e-11
-4.5e+06 -8.00355e-11
-4.55e+06 -5.09317e-11
-4.6e+06 -8.73115e-11
-4.65e+06 -8.73115e-11
-4.7e+06 -8.73115e-11
-4.75e+06 -2.91038e-11
-4.8e+06 -4.36557e-11
-4.85e+06 -5.09317e-11
-4.9e+06 -5.09317e-11
-4.95e+06 -8.73115e-11
-5e+06 -1.23691e-10
-5.05e+06 -8.73115e-11
-5.1e+06 -1.30967e-10
-5.15e+06 -1.09139e-10
-5.2e+06 -1.09139e-10
-5.25e+06 2.91038e-11
-5.3e+06 -7.27596e-12
-5.35e+06 -2.18279e-11
-5.4e+06 -1.38243e-10
-5.45e+06 -1.23691e-10
-5.5e+06 -7.27596e-12
-5.55e+06 -4.36557e-11
-5.6e+06 -1.45519e-11
-5.65e+06 -1.74623e-10
-5.7e+06 -7.27596e-11
-5.75e+06 -5.82077e-11
-5.8e+06 -1.01863e-10
-5.85e+06 5.82077e-11
-5.9e+06 -1.01863e-10
-5.95e+06 -1.45519e-10
-6e+06 -1.45519e-11
-6.05e+06 -7.27596e-11
-6.1e+06 -2.91038e-11
-6.15e+06 -7.27596e-11
-6.2e+06 -4.36557e-11
-6.25e+06 -4.36557e-11
-6.3e+06 -7.27596e-11
-6.35e+06 -4.36557e-11
-6.4e+06 -8.73115e-11
-6.45e+06 -7.27596e-11
-6.5e+06 -4.36557e-11
-6.55e+06 -2.91038e-11
-6.6e+06 -7.27596e-11
-6.65e+06 -4.36557e-11
-6.7e+06 -2.91038e-11
-6.75e+06 -1.01863e-10
-6.8e+06 -7.27596e-11
-6.85e+06 -8.73115e-11
-6.9e+06 -2.91038e-11
-6.95e+06 -5.82077e-11
-7e+06 -1.16415e-10
-7.05e+06 -4.36557e-11
-7.1e+06 -7.27596e-11
-7.15e+06 0
-7.2e+06 -1.30967e-10
-7.25e+06 -4.36557e-11
-7.3e+06 -8.73115e-11
-7.35e+06 1.45519e-11
-7.4e+06 -7.27596e-11
-7.45e+06 -4.36557e-11
-7.5e+06 -7.27596e-11
-7.55e+06 1.45519e-11
-7.6e+06 -5.82077e-11
-7.65e+06 -1.45519e-11
-7.7e+06 1.45519e-11
-7.75e+06 -5.82077e-11
-7.8e+06 0
-7.85e+06 -7.27596e-11
-7.9e+06 7.27596e-11
-7.95e+06 1.45519e-11
-8e+06 1.45519e-11
-8.05e+06 -8.73115e-11
-8.1e+06 2.91038e-11
-8.15e+06 1.16415e-10
-8.2e+06 0
-8.25e+06 -2.91038e-11
-8.3e+06 8.73115e-11
-8.35e+06 0
-8.4e+06 -5.82077e-11
-8.45e+06 -1.45519e-11
-8.5e+06 -2.91038e-11
-8.55e+06 5.82077e-11
-8.6e+06 4.36557e-11
-8.65e+06 7.27596e-11
-8.7e+06 8.73115e-11
-8.75e+06 -7.27596e-11
-8.8e+06 1.89175e-10
-8.85e+06 -7.27596e-11
-8.9e+06 -4.36557e-11
-8.95e+06 -1.01863e-10
-9e+06 2.91038e-11
-9.05e+06 -1.89175e-10
-9.1e+06 -5.82077e-11
-9.15e+06 -1.01863e-10
-9.2e+06 7.27596e-11
-9.25e+06 -1.16415e-10
-9.3e+06 -1.74623e-10
-9.35e+06 2.91038e-11
-9.4e+06 -2.76486e-10
-9.45e+06 4.36557e-11
-9.5e+06 -5.82077e-11
-9.55e+06 1.45519e-11
-9.6e+06 -1.45519e-10
-9.65e+06 0
-9.7e+06 -8.73115e-11
-9.75e+06 1.45519e-11
-9.8e+06 -1.30967e-10
-9.85e+06 1.45519e-11
-9.9e+06 -8.73115e-11
-9.95e+06 -8.73115e-11
-1e+07 -7.27596e-11
-1.005e+07 7.27596e-11
-1.01e+07 -8.73115e-11
-1.015e+07 -7.27596e-11
-1.02e+07 -2.03727e-10
-1.025e+07 -1.89175e-10
-1.03e+07 5.82077e-11
-1.035e+07 -2.61934e-10
-1.04e+07 -1.60071e-10
-1.045e+07 5.82077e-11
-1.05e+07 -5.82077e-11
-1.055e+07 -8.73115e-11
-1.06e+07 -5.82077e-11
-1.065e+07 -5.82077e-11
-1.07e+07 1.45519e-11
-1.075e+07 -5.82077e-11
-1.08e+07 -2.76486e-10
-1.085e+07 -4.36557e-11
-1.09e+07 -5.82077e-11
-1.095e+07 -4.36557e-11
-1.1e+07 -4.36557e-11
-1.105e+07 -1.45519e-10
-1.11e+07 5.82077e-11
-1.115e+07 -5.82077e-11
-1.12e+07 -1.16415e-10
-1.125e+07 -1.16415e-10
-1.13e+07 -1.16415e-10
-1.135e+07 -2.61934e-10
-1.14e+07 -1.16415e-10
-1.145e+07 0
-1.15e+07 -5.82077e-11
-1.155e+07 -1.16415e-10
-1.16e+07 -2.91038e-11
-1.165e+07 -5.82077e-11
-1.17e+07 -1.16415e-10
-1.175e+07 -1.16415e-10
-1.18e+07 -1.16415e-10
-1.185e+07 -1.16415e-10
-1.19e+07 -5.82077e-11
-1.195e+07 -8.73115e-11
-1.2e+07 -8.73115e-11
-1.205e+07 -8.73115e-11
-1.21e+07 -1.45519e-10
-1.215e+07 -2.91038e-11
-1.22e+07 -5.82077e-11
-1.225e+07 -1.45519e-10
-1.23e+07 -2.91038e-11
-1.235e+07 -2.91038e-10
-1.24e+07 -1.45519e-10
-1.245e+07 8.73115e-11
-1.25e+07 -3.49246e-10
-1.255e+07 -1.45519e-10
-1.26e+07 2.91038e-11
-1.265e+07 -2.91038e-11
-1.27e+07 -1.45519e-10
-1.275e+07 -2.61934e-10
-1.28e+07 -2.91038e-11
-1.285e+07 -8.73115e-11
-1.29e+07 2.91038e-11
-1.295e+07 -2.91038e-11
-1.3e+07 -2.61934e-10
-1.305e+07 1.16415e-10
-1.31e+07 -2.91038e-11
-1.315e+07 -1.45519e-10
-1.32e+07 -2.91038e-11
-1.325e+07 -5.82077e-11
-1.33e+07 1.45519e-10
-1.335e+07 0
-1.34e+07 0
-1.345e+07 -5.82077e-11
-1.35e+07 -1.74623e-10
-1.355e+07 1.74623e-10
-1.36e+07 -1.45519e-10
-1.365e+07 -1.74623e-10
-1.37e+07 -1.74623e-10
-1.375e+07 -1.16415e-10
-1.38e+07 0
-1.385e+07 -1.74623e-10
-1.39e+07 -2.91038e-11
-1.395e+07 -1.74623e-10
-1.4e+07 -1.16415e-10
-1.405e+07 8.73115e-11
-1.41e+07 -1.74623e-10
-1.415e+07 -2.32831e-10
-1.42e+07 -2.91038e-11
-1.425e+07 -2.03727e-10
-1.43e+07 1.45519e-10
-1.435e+07 -2.91038e-11
-1.44e+07 -8.73115e-11
-1.445e+07 -1.16415e-10
-1.45e+07 -1.45519e-10
-1.455e+07 0
-1.46e+07 -1.74623e-10
-1.465e+07 2.91038e-11
-1.47e+07 0
-1.475e+07 0
-1.48e+07 -1.45519e-10
-1.485e+07 1.45519e-10
-1.49e+07 -8.73115e-11
-1.495e+07 -8.73115e-11
-1.5e+07 2.91038e-11
-1.505e+07 -2.91038e-11
-1.51e+07 -8.73115e-11
-1.515e+07 -2.91038e-11
-1.52e+07 2.91038e-11
-1.525e+07 -1.45519e-10
-1.53e+07 8.73115e-11
-1.535e+07 2.91038e-11
-1.54e+07 2.91038e-11
-1.545e+07 -1.45519e-10
-1.55e+07 0
-1.555e+07 2.91038e-11
-1.56e+07 -1.45519e-10
-1.565e+07 8.73115e-11
-1.57e+07 -1.45519e-10
-1.575e+07 2.91038e-11
-1.58e+07 -8.73115e-11
-1.585e+07 8.73115e-11
-1.59e+07 1.45519e-10
-1.595e+07 0
-1.6e+07 -2.91038e-11
-1.605e+07 0
-1.61e+07 -5.82077e-11
-1.615e+07 2.91038e-11
-1.62e+07 5.82077e-11
-1.625e+07 -2.91038e-11
-1.63e+07 2.91038e-11
-1.635e+07 1.16415e-10
-1.64e+07 1.45519e-10
-1.645e+07 1.16415e-10
-1.65e+07 2.32831e-10
-1.655e+07 5.82077e-11
-1.66e+07 -2.32831e-10
-1.665e+07 0
-1.67e+07 0
-1.675e+07 1.45519e-10
-1.68e+07 -1.16415e-10
-1.685e+07 -2.91038e-10
-1.69e+07 2.91038e-10
-1.695e+07 1.45519e-10
-1.7e+07 0
-1.705e+07 2.61934e-10
-1.71e+07 1.45519e-10
-1.715e+07 2.32831e-10
-1.72e+07 4.36557e-10
-1.725e+07 1.45519e-10
-1.73e+07 1.74623e-10
-1.735e+07 -2.91038e-11
-1.74e+07 2.91038e-11
-1.745e+07 1.74623e-10
-1.75e+07 1.45519e-10
-1.755e+07 -2.32831e-10
-1.76e+07 -2.32831e-10
-1.765e+07 5.82077e-11
-1.77e+07 -5.82077e-11
-1.775e+07 5.82077e-11
-1.78e+07 -2.32831e-10
-1.785e+07 5.82077e-11
-1.79e+07 5.82077e-11
-1.795e+07 2.32831e-10
-1.8e+07 -2.32831e-10
-1.805e+07 -3.20142e-10
-1.81e+07 -8.73115e-11
-1.815e+07 -3.20142e-10
-1.82e+07 -2.32831e-10
-1.825e+07 -4.65661e-10
-1.83e+07 -3.49246e-10
-1.835e+07 -2.03727e-10
-1.84e+07 -2.32831e-10
-1.845e+07 -1.16415e-10
-1.85e+07 8.73115e-11
-1.855e+07 0
-1.86e+07 -1.74623e-10
-1.865e+07 -2.03727e-10
-1.87e+07 -5.82077e-11
-1.875e+07 2.91038e-11
-1.88e+07 2.91038e-11
-1.885e+07 -2.91038e-11
-1.89e+07 -8.73115e-11
-1.895e+07 4.36557e-10
-1.9e+07 -2.91038e-11
-1.905e+07 6.1118e-10
-1.91e+07 8.73115e-11
-1.915e+07 8.73115e-11
-1.92e+07 1.16415e-10
-1.925e+07 4.65661e-10
-1.93e+07 1.16415e-10
-1.935e+07 5.82077e-10
-1.94e+07 0
-1.945e+07 -5.82077e-11
-1.95e+07 -8.73115e-11
-1.955e+07 -1.45519e-10
-1.96e+07 -8.73115e-11
-1.965e+07 -1.45519e-10
-1.97e+07 -1.16415e-10
-1.975e+07 -1.74623e-10
-1.98e+07 -5.82077e-11
-1.985e+07 -2.61934e-10
-1.99e+07 -2.32831e-10
-1.995e+07 8.73115e-11
-2e+07 -5.82077e-11
-1.95947e+07 -1.60102e+06
-1.91896e+07 -3.20139e+06
-1.87917e+07 -4.73564e+06
-1.84266e+07 -5.96069e+06
-1.8112e+07 -6.76153e+06
-1.78634e+07 -7.10105e+06
-1.76602e+07 -7.24234e+06
-1.74906e+07 -7.33299e+06
-1.736e+07 -7.41098e+06
-1.72716e+07 -7.47312e+06
-1.72182e+07 -7.5297e+06
-1.71825e+07 -7.58319e+06
-1.71553e+07 -7.63519e+06
-1.71333e+07 -7.68616e+06
-1.71129e+07 -7.73659e+06
-1.70938e+07 -7.78641e+06
-1.70754e+07 -7.83571e+06
-1.70574e+07 -7.88453e+06
-1.70397e+07 -7.93283e+06
-1.70226e+07 -7.98054e+06
-1.70061e+07 -8.02757e+06
-1.69904e+07 -8.07378e+06
-1.69752e+07 -8.11909e+06
-1.69608e+07 -8.1633e+06
-1.69472e+07 -8.20631e+06
-1.69344e+07 -8.24815e+06
-1.69224e+07 -8.28871e+06
-1.6911e+07 -8.32791e+06
-1.69002e+07 -8.3654e+06
-1.689e+07 -8.40088e+06
-1.688e+07 -8.43439e+06
-1.68704e+07 -8.46608e+06
-1.68614e+07 -8.49633e+06
-1.6853e+07 -8.52536e+06
-1.68453e+07 -8.55247e+06
-1.68379e+07 -8.57664e+06
-1.68305e+07 -8.59856e+06
-1.68233e+07 -8.6189e+06
-1.68161e+07 -8.63766e+06
-1.68089e+07 -8.65522e+06
-1.68019e+07 -8.67216e+06
-1.67949e+07 -8.68885e+06
-1.6788e+07 -8.70542e+06
-1.67813e+07 -8.7219e+06
-1.67748e+07 -8.73821e+06
-1.67683e+07 -8.75416e+06
-1.67618e+07 -8.76941e+06
-1.67555e+07 -8.78365e+06
-1.67492e+07 -8.79707e+06
-1.6743e+07 -8.81008e+06
-1.6737e+07 -8.82287e+06
-1.6731e+07 -8.83547e+06
-1.6725e+07 -8.84783e+06
-1.67192e+07 -8.85992e+06
-1.67134e+07 -8.87168e+06
-1.67078e+07 -8.88313e+06
-1.67022e+07 -8.89435e+06
-1.66967e+07 -8.9054e+06
-1.66912e+07 -8.91635e+06
-1.66857e+07 -8.92722e+06
-1.66803e+07 -8.938e+06
-1.66749e+07 -8.94872e+06
-1.66695e+07 -8.95941e+06
-1.66642e+07 -8.97008e+06
-1.66589e+07 -8.98073e+06
-1.66537e+07 -8.99137e+06
-1.66487e+07 -9.00199e+06
-1.66437e+07 -9.0126e+06
-1.66388e+07 -9.0232e+06
-1.6634e+07 -9.03378e+06
-1.66292e+07 -9.04435e+06
-1.66245e+07 -9.05492e+06
-1.66198e+07 -9.06547e+06
-1.66152e+07 -9.07602e+06
-1.66106e+07 -9.08656e+06
-1.6606e+07 -9.09709e+06
-1.66014e+07 -9.10761e+06
-1.6597e+07 -9.11812e+06
-1.65926e+07 -9.12861e+06
-1.65883e+07 -9.13909e+06
-1.6991e+07 -7.55307e+06
-1.73867e+07 -6.01534e+06
-1.77714e+07 -4.55303e+06
-1.81419e+07 -3.18506e+06
-1.8496e+07 -1.92482e+06
-1.88319e+07 -780496
-1.91483e+07 244823
-1.94447e+07 1.15252e+06
-1.97209e+07 1.94739e+06
-1.99771e+07 2.63587e+06
-2.02137e+07 3.22285e+06
-2.04313e+07 3.71276e+06
-2.0631e+07 4.11751e+06
-2.0814e+07 4.44885e+06
-2.09816e+07 4.71816e+06
-2.11349e+07 4.93699e+06
-2.12753e+07 5.11631e+06
-2.14036e+07 5.26542e+06
-2.15203e+07 5.39134e+06
-2.16259e+07 5.49658e+06
-2.17217e+07 5.58725e+06
-2.18088e+07 5.66835e+06
-2.18877e+07 5.74225e+06
-2.19591e+07 5.81063e+06
-2.20236e+07 5.87467e+06
-2.20818e+07 5.93524e+06
-2.21344e+07 5.99299e+06
-2.2182e+07 6.04839e+06
-2.22248e+07 6.10179e+06
-2.22629e+07 6.15346e+06
-2.22975e+07 6.20367e+06
-2.2329e+07 6.25258e+06
-2.2358e+07 6.30034e+06
-2.23848e+07 6.34705e+06
-2.24097e+07 6.39281e+06
-2.24329e+07 6.43768e+06
-2.24549e+07 6.48172e+06
-2.24756e+07 6.52497e+06
-2.24952e+07 6.56747e+06
-2.2514e+07 6.60925e+06
-2.25319e+07 6.65033e+06
-2.25492e+07 6.69073e+06
-2.25658e+07 6.73047e+06
-2.25818e+07 6.76954e+06
-2.25973e+07 6.80797e+06
-2.26123e+07 6.84573e+06
-2.26269e+07 6.8828e+06
-2.2641e+07 6.9191e+06
-2.26548e+07 6.95454e+06
-2.26682e+07 6.98913e+06
-2.26813e+07 7.02293e+06
-2.2694e+07 7.05601e+06
-2.27065e+07 7.08839e+06
-2.27187e+07 7.12011e+06
-2.27306e+07 7.15115e+06
-2.27423e+07 7.18154e+06
-2.27537e+07 7.21128e+06
-2.27649e+07 7.24039e+06
-2.27759e+07 7.26887e+06
-2.27866e+07 7.29674e+06
-2.27972e+07 7.32401e+06
-2.28076e+07 7.3507e+06
-2.28177e+07 7.37682e+06
-2.28277e+07 7.40238e+06
-2.28376e+07 7.42741e+06
-2.28472e+07 7.45191e+06
-2.28567e+07 7.4759e+06
-2.28661e+07 7.49941e+06
-2.28753e+07 7.52243e+06
-2.28843e+07 7.545e+06
-2.28933e+07 7.56712e+06
-2.29021e+07 7.58881e+06
-2.29108e+07 7.61009e+06
-2.29194e+07 7.63096e+06
-2.29278e+07 7.65145e+06
-2.29362e+07 7.67157e+06
-2.29444e+07 7.69133e+06
-2.29526e+07 7.71074e+06
-2.29607e+07 7.72983e+06
-2.29686e+07 7.74859e+06
-2.29765e+07 7.76705e+06
-2.29843e+07 7.78522e+06
-2.29921e+07 7.8031e+06
-2.29997e+07 7.82071e+06
-2.30073e+07 7.83807e+06
-2.30148e+07 7.85518e+06
-2.30222e+07 7.87205e+06
-2.30295e+07 7.88871e+06
-2.30368e+07 7.90514e+06
-2.30441e+07 7.92137e+06
-2.30512e+07 7.9374e+06
-2.30583e+07 7.95324e+06
-2.30653e+07 7.9689e+06
-2.30723e+07 7.98438e+06
-2.30792e+07 7.9997e+06
-2.30861e+07 8.01485e+06
-2.30929e+07 8.02984e+06
-2.30997e+07 8.04468e+06
-2.31064e+07 8.05938e+06
-2.3113e+07 8.07394e+06
-2.31196e+07 8.08836e+06
-2.31261e+07 8.10265e+06
-2.31325e+07 8.11682e+06
-2.31388e+07 8.13086e+06
-2.3145e+07 8.14479e+06
-2.31512e+07 8.15861e+06
-2.31572e+07 8.17232e+06
-2.31633e+07 8.18592e+06
-2.31692e+07 8.19942e+06
-2.31751e+07 8.21282e+06
-2.3181e+07 8.22613e+06
-2.31868e+07 8.23934e+06
-2.31925e+07 8.25246e+06
-2.31982e+07 8.2655e+06
-2.32038e+07 8.27845e+06
-2.32094e+07 8.29132e+06
-2.3215e+07 8.30412e+06
-2.32205e+07 8.31684e+06
-2.3226e+07 8.32948e+06
-2.32314e+07 8.34206e+06
-2.28284e+07 6.76059e+06
-2.24333e+07 5.23341e+06
-2.20505e+07 3.78776e+06
-2.16833e+07 2.44268e+06
-2.13341e+07 1.21036e+06
-2.10045e+07 97472.1
-2.06955e+07 -894689
-2.04071e+07 -1.76939e+06
-2.01392e+07 -2.5334e+06
-1.98909e+07 -3.19574e+06
-1.96614e+07 -3.76667e+06
-1.94495e+07 -4.25675e+06
-1.92542e+07 -4.67623e+06
-1.90744e+07 -5.03465e+06
-1.8909e+07 -5.34065e+06
-1.8757e+07 -5.60192e+06
-1.86175e+07 -5.82526e+06
-1.84895e+07 -6.01664e+06
-1.83721e+07 -6.18131e+06
-1.82646e+07 -6.32386e+06
-1.81661e+07 -6.44821e+06
-1.80759e+07 -6.55769e+06
-1.79934e+07 -6.65504e+06
-1.7918e+07 -6.7425e+06
-1.78491e+07 -6.82187e+06
-1.77862e+07 -6.8946e+06
-1.77286e+07 -6.96183e+06
-1.7676e+07 -7.02448e+06
-1.76279e+07 -7.08329e+06
-1.75838e+07 -7.13883e+06
-1.75434e+07 -7.19158e+06
-1.75063e+07 -7.24193e+06
-1.74721e+07 -7.29019e+06
-1.74405e+07 -7.3366e+06
-1.74113e+07 -7.38139e+06
-1.73841e+07 -7.42472e+06
-1.73589e+07 -7.46675e+06
-1.73353e+07 -7.50758e+06
-1.73131e+07 -7.54733e+06
-1.72923e+07 -7.58608e+06
-1.72727e+07 -7.6239e+06
-1.72541e+07 -7.66081e+06
-1.72365e+07 -7.69677e+06
-1.72197e+07 -7.73172e+06
-1.72037e+07 -7.76578e+06
-1.71884e+07 -7.79906e+06
-1.71737e+07 -7.83162e+06
-1.71596e+07 -7.86349e+06
-1.7146e+07 -7.8947e+06
-1.71329e+07 -7.92526e+06
-1.71202e+07 -7.9552e+06
-1.71079e+07 -7.98453e+06
-1.7096e+07 -8.01327e+06
-1.70845e+07 -8.04144e+06
-1.70732e+07 -8.06905e+06
-1.70623e+07 -8.09611e+06
-1.70516e+07 -8.12264e+06
-1.70412e+07 -8.14866e+06
-1.7031e+07 -8.17417e+06
-1.70211e+07 -8.19919e+06
-1.70114e+07 -8.22374e+06
-1.70018e+07 -8.24782e+06
-1.69925e+07 -8.27145e+06
-1.69833e+07 -8.29464e+06
-1.69743e+07 -8.31741e+06
-1.69654e+07 -8.33976e+06
-1.69567e+07 -8.36171e+06
-1.69481e+07 -8.38327e+06
-1.69397e+07 -8.40446e+06
-1.69314e+07 -8.42528e+06
-1.69232e+07 -8.44574e+06
-1.69152e+07 -8.46587e+06
-1.69072e+07 -8.48565e+06
-1.68994e+07 -8.50512e+06
-1.68917e+07 -8.52428e+06
-1.68841e+07 -8.54313e+06
-1.68766e+07 -8.5617e+06
-1.68692e+07 -8.57998e+06
-1.68619e+07 -8.598e+06
-1.68547e+07 -8.61575e+06
-1.68476e+07 -8.63325e+06
-1.68405e+07 -8.6505e+06
-1.68335e+07 -8.66752e+06
-1.68266e+07 -8.68431e+06
-1.68198e+07 -8.70087e+06
-1.68131e+07 -8.71723e+06
-1.68065e+07 -8.73338e+06
-1.67999e+07 -8.74932e+06
-1.67934e+07 -8.76508e+06
-1.6787e+07 -8.78065e+06
-1.67807e+07 -8.79604e+06
-1.67744e+07 -8.81126e+06
-1.67682e+07 -8.82631e+06
-1.6762e+07 -8.84119e+06
-1.67559e+07 -8.85592e+06
-1.67499e+07 -8.8705e+06
-1.67439e+07 -8.88493e+06
-1.6738e+07 -8.89922e+06
-1.67322e+07 -8.91338e+06
-1.67264e+07 -8.9274e+06
-1.67206e+07 -8.94129e+06
-1.67149e+07 -8.95506e+06
-1.67093e+07 -8.96871e+06
-1.67037e+07 -8.98224e+06
-1.66982e+07 -8.99566e+06
-1.66927e+07 -9.00897e+06
-1.66873e+07 -9.02217e+06
-1.66819e+07 -9.03527e+06
-1.66766e+07 -9.04827e+06
-1.66713e+07 -9.06118e+06
-1.66661e+07 -9.07399e+06
-1.66609e+07 -9.08672e+06
-1.66558e+07 -9.09935e+06
-1.66507e+07 -9.1119e+06
-1.66457e+07 -9.12437e+06
-1.66407e+07 -9.13676e+06
-1.66357e+07 -9.14907e+06
-1.66308e+07 -9.1613e+06
-1.66259e+07 -9.17346e+06
-1.66211e+07 -9.18555e+06
-1.66163e+07 -9.19757e+06
-1.66116e+07 -9.20953e+06
-1.66069e+07 -9.22142e+06
-1.66022e+07 -9.23324e+06
-1.65976e+07 -9.24501e+06
-1.6593e+07 -9.25671e+06
-1.65884e+07 -9.26836e+06
-1.65839e+07 -9.27995e+06
-1.65794e+07 -9.29149e+06
-1.6575e+07 -9.30297e+06
-1.65706e+07 -9.3144e+06
-1.65662e+07 -9.32578e+06
-1.65619e+07 -9.33711e+06
-1.65576e+07 -9.34839e+06
-1.65533e+07 -9.35963e+06
-1.65491e+07 -9.37082e+06
-1.65449e+07 -9.38196e+06
-1.65408e+07 -9.39306e+06
-1.65366e+07 -9.40412e+06
-1.65325e+07 -9.41514e+06
-1.65285e+07 -9.42612e+06
-1.65245e+07 -9.43705e+06
-1.65205e+07 -9.44795e+06
-1.65166e+07 -9.45881e+06
-1.65127e+07 -9.46963e+06
-1.65088e+07 -9.48042e+06
-1.6505e+07 -9.49117e+06
-1.65011e+07 -9.50188e+06
-1.64974e+07 -9.51256e+06
-1.64936e+07 -9.52321e+06
-1.64899e+07 -9.53382e+06
-1.64862e+07 -9.5444e+06
-1.64825e+07 -9.55495e+06
-1.64789e+07 -9.56546e+06
-1.64753e+07 -9.57595e+06
-1.64717e+07 -9.5864e+06
-1.64681e+07 -9.59682e+06
-1.64646e+07 -9.60722e+06
-1.64611e+07 -9.61759e+06
-1.64576e+07 -9.62792e+06
-1.68599e+07 -8.0427e+06
-1.72529e+07 -6.51544e+06
-1.76319e+07 -5.0734e+06
-1.79934e+07 -3.73436e+06
-1.83353e+07 -2.50927e+06
-1.86562e+07 -1.40356e+06
-1.89556e+07 -418534
-1.92338e+07 449808
-1.94916e+07 1.21005e+06
-1.97302e+07 1.87204e+06
-1.99506e+07 2.44614e+06
-2.01543e+07 2.94267e+06
-2.03422e+07 3.37137e+06
-2.05158e+07 3.74129e+06
-2.0676e+07 4.06009e+06
-2.08239e+07 4.33423e+06
-2.09603e+07 4.57029e+06
-2.10863e+07 4.77429e+06
-2.12026e+07 4.95123e+06
-2.13099e+07 5.10543e+06
-2.14091e+07 5.24055e+06
-2.15007e+07 5.35907e+06
-2.15852e+07 5.46408e+06
-2.16634e+07 5.55796e+06
-2.17356e+07 5.64266e+06
-2.18025e+07 5.71981e+06
-2.18643e+07 5.79076e+06
-2.19215e+07 5.85657e+06
-2.19745e+07 5.91813e+06
-2.20236e+07 5.97612e+06
-2.20692e+07 6.0311e+06
-2.21114e+07 6.08352e+06
-2.21506e+07 6.13373e+06
-2.2187e+07 6.18203e+06
-2.22209e+07 6.22864e+06
-2.22525e+07 6.27376e+06
-2.2282e+07 6.31754e+06
-2.23096e+07 6.36011e+06
-2.23354e+07 6.40158e+06
-2.23597e+07 6.44204e+06
-2.23825e+07 6.48157e+06
-2.24039e+07 6.52022e+06
-2.24243e+07 6.55805e+06
-2.24435e+07 6.59511e+06
-2.24617e+07 6.63144e+06
-2.24791e+07 6.66706e+06
-2.24956e+07 6.70202e+06
-2.25114e+07 6.73633e+06
-2.25266e+07 6.77003e+06
-2.25411e+07 6.80312e+06
-2.25551e+07 6.83563e+06
-2.25685e+07 6.86757e+06
-2.25815e+07 6.89895e+06
-2.25941e+07 6.9298e+06
-2.26063e+07 6.96011e+06
-2.26181e+07 6.9899e+06
-2.26295e+07 7.01916e+06
-2.26407e+07 7.04787e+06
-2.26515e+07 7.07602e+06
-2.26621e+07 7.10356e+06
-2.26725e+07 7.13047e+06
-2.26826e+07 7.1568e+06
-2.26925e+07 7.1826e+06
-2.27022e+07 7.20791e+06
-2.27117e+07 7.23274e+06
-2.2721e+07 7.25712e+06
-2.27302e+07 7.28106e+06
-2.27392e+07 7.30456e+06
-2.2748e+07 7.32764e+06
-2.27568e+07 7.35032e+06
-2.27654e+07 7.37259e+06
-2.27738e+07 7.39447e+06
-2.27822e+07 7.41598e+06
-2.27904e+07 7.43712e+06
-2.27985e+07 7.45791e+06
-2.28066e+07 7.47835e+06
-2.28145e+07 7.49846e+06
-2.28224e+07 7.51824e+06
-2.28301e+07 7.53771e+06
-2.28378e+07 7.55688e+06
-2.28454e+07 7.57576e+06
-2.28529e+07 7.59435e+06
-2.28604e+07 7.61268e+06
-2.28677e+07 7.63073e+06
-2.28751e+07 7.64853e+06
-2.28823e+07 7.66609e+06
-2.28895e+07 7.68341e+06
-2.28966e+07 7.7005e+06
-2.29036e+07 7.71736e+06
-2.29106e+07 7.73402e+06
-2.29175e+07 7.75047e+06
-2.29244e+07 7.76672e+06
-2.29312e+07 7.78278e+06
-2.2938e+07 7.79865e+06
-2.29447e+07 7.81435e+06
-2.29513e+07 7.82987e+06
-2.29579e+07 7.84523e+06
-2.29645e+07 7.86043e+06
-2.2971e+07 7.87547e+06
-2.29775e+07 7.89036e+06
-2.29839e+07 7.90511e+06
-2.29903e+07 7.91972e+06
-2.29966e+07 7.9342e+06
-2.30029e+07 7.94855e+06
-2.30092e+07 7.96277e+06
-2.30154e+07 7.97687e+06
-2.30215e+07 7.99086e+06
-2.30276e+07 8.00473e+06
-2.30337e+07 8.0185e+06
-2.30397e+07 8.03216e+06
-2.30457e+07 8.04572e+06
-2.30516e+07 8.05918e+06
-2.30575e+07 8.07255e+06
-2.30633e+07 8.08582e+06
-2.30691e+07 8.09901e+06
-2.30749e+07 8.11211e+06
-2.30806e+07 8.12513e+06
-2.30863e+07 8.13807e+06
-2.3092e+07 8.15093e+06
-2.30976e+07 8.16371e+06
-2.31031e+07 8.17643e+06
-2.31087e+07 8.18907e+06
-2.31142e+07 8.20164e+06
-2.31196e+07 8.21415e+06
-2.31251e+07 8.22659e+06
-2.31305e+07 8.23897e+06
-2.31358e+07 8.25129e+06
-2.31411e+07 8.26355e+06
-2.31464e+07 8.27575e+06
-2.31516e+07 8.2879e+06
-2.31569e+07 8.3e+06
-2.3162e+07 8.31204e+06
-2.31672e+07 8.32404e+06
-2.31723e+07 8.33598e+06
-2.31773e+07 8.34788e+06
-2.31824e+07 8.35973e+06
-2.31874e+07 8.37154e+06
-2.31924e+07 8.3833e+06
-2.31973e+07 8.39502e+06
-2.32022e+07 8.4067e+06
-2.32071e+07 8.41834e+06
-2.32119e+07 8.42994e+06
-2.32167e+07 8.4415e+06
-2.32215e+07 8.45302e+06
-2.32262e+07 8.46451e+06
-2.3231e+07 8.47597e+06
-2.32356e+07 8.48739e+06
-2.32403e+07 8.49878e+06
-2.32449e+07 8.51013e+06
-2.32495e+07 8.52146e+06
-2.32541e+07 8.53275e+06
-2.32586e+07 8.54401e+06
-2.32631e+07 8.55525e+06
-2.32676e+07 8.56645e+06
-2.3272e+07 8.57763e+06
-2.32765e+07 8.58878e+06
-2.32809e+07 8.59991e+06
-2.32852e+07 8.61101e+06
-2.32896e+07 8.62209e+06
-2.32939e+07 8.63314e+06
-2.32982e+07 8.64416e+06
-2.33024e+07 8.65517e+06
-2.33067e+07 8.66615e+06
-2.33109e+07 8.67711e+06
-2.33151e+07 8.68805e+06
-2.33193e+07 8.69896e+06
-2.33234e+07 8.70986e+06
-2.33275e+07 8.72074e+06
-2.33316e+07 8.73159e+06
-2.33357e+07 8.74243e+06
-2.33397e+07 8.75325e+06
-2.33438e+07 8.76405e+06
-2.33478e+07 8.77483e+06
-2.33518e+07 8.7856e+06
-2.33557e+07 8.79635e+06
-2.33597e+07 8.80708e+06
-2.33636e+07 8.81779e+06
-2.33675e+07 8.82849e+06
-2.33714e+07 8.83917e+06
-2.33752e+07 8.84984e+06
-2.33791e+07 8.86049e+06
-2.33829e+07 8.87113e+06
-2.33867e+07 8.88175e+06
-2.33905e+07 8.89236e+06
-2.33942e+07 8.90296e+06
-2.3398e+07 8.91354e+06
-2.34017e+07 8.92411e+06
-2.34054e+07 8.93466e+06
-2.34091e+07 8.94521e+06
-2.34128e+07 8.95574e+06
-2.34165e+07 8.96625e+06
-2.34201e+07 8.97676e+06
-2.34237e+07 8.98725e+06
-2.34273e+07 8.99774e+06
-2.34309e+07 9.00821e+06
-2.34345e+07 9.01867e+06
-2.34381e+07 9.02912e+06
-2.34416e+07 9.03955e+06
-2.34452e+07 9.04998e+06
-2.34487e+07 9.0604e+06
-2.30463e+07 7.47714e+06
-2.26539e+07 5.95351e+06
-2.22765e+07 4.51679e+06
-2.19174e+07 3.18437e+06
-2.15789e+07 1.96658e+06
-2.12618e+07 867752
-2.09664e+07 -112917
-2.06924e+07 -980231
-2.04387e+07 -1.74179e+06
-2.02042e+07 -2.40677e+06
-1.99877e+07 -2.98494e+06
-1.97879e+07 -3.48597e+06
-1.96034e+07 -3.91912e+06
-1.94331e+07 -4.29312e+06
-1.92758e+07 -4.61608e+06
-1.91305e+07 -4.89533e+06
-1.89961e+07 -5.13735e+06
-1.88719e+07 -5.34776e+06
-1.8757e+07 -5.53138e+06
-1.86506e+07 -5.69235e+06
-1.85519e+07 -5.83422e+06
-1.84605e+07 -5.96001e+06
-1.83757e+07 -6.0723e+06
-1.82969e+07 -6.17327e+06
-1.82237e+07 -6.26475e+06
-1.81556e+07 -6.34827e+06
-1.80923e+07 -6.4251e+06
-1.80334e+07 -6.49629e+06
-1.79786e+07 -6.56272e+06
-1.79275e+07 -6.62509e+06
-1.78799e+07 -6.68399e+06
-1.78355e+07 -6.73991e+06
-1.77941e+07 -6.79325e+06
-1.77554e+07 -6.84432e+06
-1.77193e+07 -6.89342e+06
-1.76855e+07 -6.94077e+06
-1.76538e+07 -6.98656e+06
-1.76241e+07 -7.03094e+06
-1.75962e+07 -7.07405e+06
-1.757e+07 -7.11602e+06
-1.75453e+07 -7.15692e+06
-1.7522e+07 -7.19686e+06
-1.74999e+07 -7.23589e+06
-1.74791e+07 -7.27408e+06
-1.74593e+07 -7.31148e+06
-1.74405e+07 -7.34813e+06
-1.74226e+07 -7.38407e+06
-1.74056e+07 -7.41934e+06
-1.73893e+07 -7.45396e+06
-1.73737e+07 -7.48796e+06
-1.73587e+07 -7.52137e+06
-1.73444e+07 -7.5542e+06
-1.73306e+07 -7.58647e+06
-1.73173e+07 -7.61821e+06
-1.73044e+07 -7.64941e+06
-1.7292e+07 -7.6801e+06
-1.72799e+07 -7.71028e+06
-1.72683e+07 -7.73998e+06
-1.72569e+07 -7.76919e+06
-1.72459e+07 -7.79793e+06
-1.72351e+07 -7.82621e+06
-1.72247e+07 -7.85403e+06
-1.72144e+07 -7.88141e+06
-1.72044e+07 -7.90835e+06
-1.71946e+07 -7.93486e+06
-1.71851e+07 -7.96095e+06
-1.71757e+07 -7.98662e+06
-1.71664e+07 -8.01188e+06
-1.71574e+07 -8.03675e+06
-1.71485e+07 -8.06122e+06
-1.71397e+07 -8.08531e+06
-1.71311e+07 -8.10902e+06
-1.71226e+07 -8.13236e+06
-1.71142e+07 -8.15533e+06
-1.7106e+07 -8.17795e+06
-1.70978e+07 -8.20023e+06
-1.70898e+07 -8.22216e+06
-1.70818e+07 -8.24376e+06
-1.7074e+07 -8.26503e+06
-1.70662e+07 -8.28599e+06
-1.70585e+07 -8.30663e+06
-1.70509e+07 -8.32698e+06
-1.70434e+07 -8.34702e+06
-1.7036e+07 -8.36678e+06
-1.70286e+07 -8.38625e+06
-1.70213e+07 -8.40545e+06
-1.70141e+07 -8.42438e+06
-1.70069e+07 -8.44304e+06
-1.69998e+07 -8.46145e+06
-1.69927e+07 -8.4796e+06
-1.69857e+07 -8.49751e+06
-1.69787e+07 -8.51516e+06
-1.69718e+07 -8.53257e+06
-1.6965e+07 -8.54973e+06
-1.69582e+07 -8.56662e+06
-1.69515e+07 -8.58323e+06
-1.69448e+07 -8.59953e+06
-1.69381e+07 -8.61554e+06
-1.69315e+07 -8.63127e+06
-1.69249e+07 -8.64677e+06
-1.69184e+07 -8.66208e+06
-1.69119e+07 -8.6772e+06
-1.69055e+07 -8.69216e+06
-1.68991e+07 -8.70696e+06
-1.68927e+07 -8.7216e+06
-1.68864e+07 -8.73609e+06
-1.68801e+07 -8.75043e+06
-1.68739e+07 -8.76464e+06
-1.68677e+07 -8.77871e+06
-1.68616e+07 -8.79265e+06
-1.68555e+07 -8.80647e+06
-1.68495e+07 -8.82016e+06
-1.68435e+07 -8.83374e+06
-1.68376e+07 -8.8472e+06
-1.68316e+07 -8.86055e+06
-1.68258e+07 -8.87379e+06
-1.68199e+07 -8.88693e+06
-1.68141e+07 -8.89998e+06
-1.68084e+07 -8.91292e+06
-1.68026e+07 -8.92578e+06
-1.6797e+07 -8.93854e+06
-1.67913e+07 -8.95121e+06
-1.67857e+07 -8.9638e+06
-1.67801e+07 -8.97631e+06
-1.67746e+07 -8.98874e+06
-1.67691e+07 -9.00109e+06
-1.67636e+07 -9.01336e+06
-1.67581e+07 -9.02557e+06
-1.67527e+07 -9.0377e+06
-1.67474e+07 -9.04976e+06
-1.67421e+07 -9.06176e+06
-1.67368e+07 -9.0737e+06
-1.67315e+07 -9.08557e+06
-1.67263e+07 -9.09737e+06
-1.67211e+07 -9.10912e+06
-1.67159e+07 -9.12082e+06
-1.67108e+07 -9.13245e+06
-1.67057e+07 -9.14404e+06
-1.67007e+07 -9.15556e+06
-1.66957e+07 -9.16704e+06
-1.66907e+07 -9.17847e+06
-1.66857e+07 -9.18984e+06
-1.66808e+07 -9.20117e+06
-1.66759e+07 -9.21246e+06
-1.66711e+07 -9.22369e+06
-1.66663e+07 -9.23489e+06
-1.66615e+07 -9.24604e+06
-1.66567e+07 -9.25715e+06
-1.6652e+07 -9.26821e+06
-1.66473e+07 -9.27924e+06
-1.66427e+07 -9.29023e+06
-1.6638e+07 -9.30118e+06
-1.66335e+07 -9.31209e+06
-1.66289e+07 -9.32296e+06
-1.66244e+07 -9.3338e+06
-1.66199e+07 -9.34461e+06
-1.66154e+07 -9.35538e+06
-1.6611e+07 -9.36612e+06
-1.66066e+07 -9.37682e+06
-1.66022e+07 -9.3875e+06
-1.65978e+07 -9.39814e+06
-1.65935e+07 -9.40875e+06
-1.65892e+07 -9.41934e+06
-1.65849e+07 -9.42989e+06
-1.65807e+07 -9.44042e+06
-1.65765e+07 -9.45091e+06
-1.65723e+07 -9.46138e+06
-1.65682e+07 -9.47183e+06
-1.6564e+07 -9.48224e+06
-1.65599e+07 -9.49263e+06
-1.65559e+07 -9.503e+06
-1.65518e+07 -9.51334e+06
-1.65478e+07 -9.52366e+06
-1.65438e+07 -9.53395e+06
-1.65398e+07 -9.54422e+06
-1.65359e+07 -9.55447e+06
-1.65319e+07 -9.56469e+06
-1.6528e+07 -9.5749e+06
-1.65242e+07 -9.58508e+06
-1.65203e+07 -9.59523e+06
-1.65165e+07 -9.60537e+06
-1.65127e+07 -9.61549e+06
-1.65089e+07 -9.62558e+06
-1.65052e+07 -9.63566e+06
-1.65014e+07 -9.64571e+06
-1.64977e+07 -9.65575e+06
-1.6494e+07 -9.66576e+06
-1.64904e+07 -9.67575e+06
-1.64868e+07 -9.68573e+06
-1.64831e+07 -9.69568e+06
-1.64796e+07 -9.70562e+06
-1.6476e+07 -9.71554e+06
-1.64725e+07 -9.72543e+06
-1.64689e+07 -9.73531e+06
-1.64654e+07 -9.74517e+06
-1.6462e+07 -9.75501e+06
-1.64585e+07 -9.76484e+06
-1.64551e+07 -9.77464e+06
-1.64517e+07 -9.78443e+06
-1.64483e+07 -9.79419e+06
-1.6445e+07 -9.80395e+06
-1.64416e+07 -9.81368e+06
-1.64383e+07 -9.8234e+06
-1.6435e+07 -9.8331e+06
-1.64318e+07 -9.84278e+06
-1.64285e+07 -9.85245e+06
-1.64253e+07 -9.8621e+06
-1.64221e+07 -9.87173e+06
-1.64189e+07 -9.88135e+06
-1.64157e+07 -9.89095e+06
-1.64126e+07 -9.90054e+06
-1.64095e+07 -9.91012e+06
-1.64063e+07 -9.91968e+06
-1.64033e+07 -9.92922e+06
-1.64002e+07 -9.93875e+06
-1.63971e+07 -9.94827e+06
-1.63941e+07 -9.95777e+06
-1.63911e+07 -9.96726e+06
-1.63881e+07 -9.97673e+06
-1.63851e+07 -9.9862e+06
-1.63821e+07 -9.99564e+06
-1.63792e+07 -1.00051e+07
-1.63762e+07 -1.00145e+07
-1.63733e+07 -1.00239e+07
-1.63704e+07 -1.00333e+07
-1.63675e+07 -1.00427e+07
-1.63646e+07 -1.00521e+07
-1.63618e+07 -1.00614e+07
-1.63589e+07 -1.00708e+07
-1.63561e+07 -1.00801e+07
-1.63533e+07 -1.00894e+07
-1.63505e+07 -1.00988e+07
-1.63477e+07 -1.01081e+07
-1.6345e+07 -1.01173e+07
-1.63422e+07 -1.01266e+07
-1.63395e+07 -1.01359e+07
-1.63368e+07 -1.01451e+07
-1.63341e+07 -1.01544e+07
-1.63314e+07 -1.01636e+07
-1.63287e+07 -1.01729e+07
-1.6731e+07 -8.58877e+06
-1.7122e+07 -7.06694e+06
-1.74965e+07 -5.63465e+06
-1.78513e+07 -4.30859e+06
-1.81847e+07 -3.09823e+06
-1.84958e+07 -2.00702e+06
-1.87848e+07 -1.03348e+06
-1.90524e+07 -172312
-1.92997e+07 584394
-1.95281e+07 1.24606e+06
-1.9739e+07 1.82268e+06
-1.99337e+07 2.3241e+06
-2.01135e+07 2.75964e+06
-2.02798e+07 3.13777e+06
-2.04336e+07 3.4661e+06
-2.0576e+07 3.75139e+06
-2.07079e+07 3.99956e+06
-2.08302e+07 4.21586e+06
-2.09438e+07 4.40489e+06
-2.10492e+07 4.57068e+06
-2.11472e+07 4.71678e+06
-2.12385e+07 4.84628e+06
-2.13235e+07 4.96183e+06
-2.14028e+07 5.06569e+06
-2.14767e+07 5.15975e+06
-2.15458e+07 5.24562e+06
-2.16104e+07 5.32463e+06
-2.16708e+07 5.39787e+06
-2.17274e+07 5.46624e+06
-2.17803e+07 5.53048e+06
-2.18299e+07 5.5912e+06
-2.18764e+07 5.64891e+06
-2.192e+07 5.70401e+06
-2.19609e+07 5.75685e+06
-2.19994e+07 5.80771e+06
-2.20355e+07 5.85682e+06
-2.20696e+07 5.90438e+06
-2.21016e+07 5.95056e+06
-2.21318e+07 5.99549e+06
-2.21603e+07 6.03929e+06
-2.21872e+07 6.08205e+06
-2.22126e+07 6.12386e+06
-2.22367e+07 6.1648e+06
-2.22596e+07 6.20492e+06
-2.22812e+07 6.24428e+06
-2.23019e+07 6.28292e+06
-2.23215e+07 6.32087e+06
-2.23402e+07 6.35819e+06
-2.23581e+07 6.39488e+06
-2.23752e+07 6.43098e+06
-2.23916e+07 6.46652e+06
-2.24073e+07 6.5015e+06
-2.24224e+07 6.53594e+06
-2.24369e+07 6.56987e+06
-2.24509e+07 6.60329e+06
-2.24644e+07 6.63621e+06
-2.24774e+07 6.66865e+06
-2.249e+07 6.70061e+06
-2.25023e+07 6.7321e+06
-2.25141e+07 6.76313e+06
-2.25257e+07 6.7937e+06
-2.25369e+07 6.82382e+06
-2.25478e+07 6.8535e+06
-2.25584e+07 6.88274e+06
-2.25688e+07 6.91154e+06
-2.2579e+07 6.93992e+06
-2.25889e+07 6.96787e+06
-2.25986e+07 6.9954e+06
-2.26081e+07 7.02251e+06
-2.26174e+07 7.04922e+06
-2.26266e+07 7.07552e+06
-2.26356e+07 7.10141e+06
-2.26444e+07 7.12692e+06
-2.26531e+07 7.15203e+06
-2.26617e+07 7.17675e+06
-2.26701e+07 7.2011e+06
-2.26784e+07 7.22508e+06
-2.26866e+07 7.24868e+06
-2.26947e+07 7.27193e+06
-2.27026e+07 7.29482e+06
-2.27105e+07 7.31736e+06
-2.27183e+07 7.33956e+06
-2.2726e+07 7.36143e+06
-2.27336e+07 7.38296e+06
-2.27412e+07 7.40417e+06
-2.27486e+07 7.42507e+06
-2.2756e+07 7.44566e+06
-2.27634e+07 7.46595e+06
-2.27706e+07 7.48594e+06
-2.27778e+07 7.50565e+06
-2.27849e+07 7.52508e+06
-2.2792e+07 7.54423e+06
-2.2799e+07 7.56311e+06
-2.2806e+07 7.58174e+06
-2.28129e+07 7.60011e+06
-2.28197e+07 7.61824e+06
-2.28265e+07 7.63612e+06
-2.28333e+07 7.65378e+06
-2.284e+07 7.6712e+06
-2.28467e+07 7.68841e+06
-2.24435e+07 6.10105e+06
-2.20495e+07 4.56848e+06
-2.16696e+07 3.119e+06
-2.13077e+07 1.77177e+06
-2.09662e+07 539051
-2.06465e+07 -573179
-2.03489e+07 -1.56449e+06
-2.00733e+07 -2.439e+06
-1.98188e+07 -3.20422e+06
-1.95841e+07 -3.8697e+06
-1.93681e+07 -4.44596e+06
-1.91691e+07 -4.94354e+06
-1.8986e+07 -5.37252e+06
-1.88175e+07 -5.74211e+06
-1.86622e+07 -6.06064e+06
-1.85191e+07 -6.33546e+06
-1.83872e+07 -6.57306e+06
-1.82655e+07 -6.77909e+06
-1.81532e+07 -6.95844e+06
-1.80494e+07 -7.11535e+06
-1.79534e+07 -7.25344e+06
-1.78645e+07 -7.37581e+06
-1.77822e+07 -7.48507e+06
-1.77058e+07 -7.58341e+06
-1.7635e+07 -7.67266e+06
-1.75691e+07 -7.75432e+06
-1.75079e+07 -7.82964e+06
-1.7451e+07 -7.89963e+06
-1.7398e+07 -7.96512e+06
-1.73486e+07 -8.02679e+06
-1.73025e+07 -8.08519e+06
-1.72596e+07 -8.14078e+06
-1.72194e+07 -8.19394e+06
-1.71818e+07 -8.24496e+06
-1.71467e+07 -8.29411e+06
-1.71138e+07 -8.3416e+06
-1.70829e+07 -8.38761e+06
-1.70539e+07 -8.43228e+06
-1.70266e+07 -8.47574e+06
-1.7001e+07 -8.51807e+06
-1.69768e+07 -8.55932e+06
-1.6954e+07 -8.5996e+06
-1.69324e+07 -8.63897e+06
-1.69119e+07 -8.6775e+06
-1.68925e+07 -8.71522e+06
-1.68741e+07 -8.75218e+06
-1.68567e+07 -8.7884e+06
-1.684e+07 -8.82393e+06
-1.68242e+07 -8.85877e+06
-1.6809e+07 -8.89295e+06
-1.67945e+07 -8.92649e+06
-1.67806e+07 -8.9594e+06
-1.67672e+07 -8.99169e+06
-1.67544e+07 -9.02337e+06
-1.6742e+07 -9.05446e+06
-1.67301e+07 -9.08497e+06
-1.67186e+07 -9.1149e+06
-1.67075e+07 -9.14426e+06
-1.66967e+07 -9.17306e+06
-1.66863e+07 -9.20131e+06
