-3.69557e-14 50000 6.02718e-13 3.69557e-14 -50000 -4.91851e-13
-4.36439e-13 100000 1.67503e-12 4.36439e-13 -100000 -3.65708e-13
-1.02017e-12 150000 2.30975e-12 1.02017e-12 -150000 7.50765e-13
3.0391e-13 200000 2.93561e-13 -3.0391e-13 -200000 -1.20529e-12
-1.22858e-12 250000 1.12809e-12 1.22858e-12 -250000 2.55766e-12
2.11785e-12 300000 -9.61002e-13 -2.11785e-12 -300000 -5.39255e-12
-4.13405e-12 350000 5.80209e-12 4.13405e-12 -350000 6.60005e-12
-1.29191e-12 400000 6.56215e-12 1.29191e-12 -400000 -2.68641e-12
-3.82181e-12 450000 1.15948e-11 3.82181e-12 -450000 -1.29336e-13
-3.66192e-12 500000 3.38109e-12 3.66192e-12 -500000 7.60468e-12
2.56389e-12 550000 8.41047e-13 -2.56389e-12 -550000 -8.53272e-12
-4.248e-12 600000 1.05102e-11 4.248e-12 -600000 2.23377e-12
-1.0278e-12 650000 4.15448e-12 1.0278e-12 -650000 -1.07107e-12
-5.91755e-12 700000 1.28166e-11 5.91755e-12 -700000 4.9361e-12
1.94517e-12 750000 3.69034e-12 -1.94517e-12 -750000 -9.52585e-12
-3.34437e-12 800000 7.38909e-12 3.34437e-12 -800000 2.64403e-12
-4.33887e-12 850000 1.04027e-11 4.33887e-12 -850000 2.61394e-12
-8.66235e-12 900000 2.73833e-11 8.66235e-12 -900000 -1.39624e-12
2.62327e-12 950000 -5.1623e-12 -2.62327e-12 -950000 -2.70752e-12
-9.15822e-12 1e+06 1.14288e-11 9.15822e-12 -1e+06 1.60458e-11
1.03168e-11 1.05e+06 -7.29234e-12 -1.03168e-11 -1.05e+06 -2.3658e-11
-1.80595e-11 1.1e+06 2.81907e-11 1.80595e-11 -1.1e+06 2.59878e-11
9.87865e-12 1.15e+06 3.36252e-12 -9.87865e-12 -1.15e+06 -3.29985e-11
-3.04723e-11 1.2e+06 5.26618e-11 3.04723e-11 -1.2e+06 3.8755e-11
2.66189e-11 1.25e+06 -2.89074e-11 -2.66189e-11 -1.25e+06 -5.09494e-11
-3.41534e-11 1.3e+06 6.0868e-11 3.41534e-11 -1.3e+06 4.15921e-11
1.46558e-11 1.35e+06 6.42948e-12 -1.46558e-11 -1.35e+06 -5.03968e-11
-3.66466e-11 1.4e+06 4.40267e-11 3.66466e-11 -1.4e+06 6.5913e-11
2.07783e-11 1.45e+06 -1.38798e-11 -2.07783e-11 -1.45e+06 -4.84551e-11
-3.30745e-11 1.5e+06 5.07302e-11 3.30745e-11 -1.5e+06 4.84932e-11
2.27437e-11 1.55e+06 -1.57209e-11 -2.27437e-11 -1.55e+06 -5.251e-11
-2.91743e-11 1.6e+06 5.29611e-11 2.91743e-11 -1.6e+06 3.45617e-11
1.54652e-11 1.65e+06 -1.67296e-12 -1.54652e-11 -1.65e+06 -4.47225e-11
-3.36351e-11 1.7e+06 5.68836e-11 3.36351e-11 -1.7e+06 4.40216e-11
1.08249e-11 1.75e+06 1.70806e-12 -1.08249e-11 -1.75e+06 -3.41829e-11
-2.95981e-11 1.8e+06 5.00399e-11 2.95981e-11 -1.8e+06 3.87544e-11
1.27688e-11 1.85e+06 -8.78732e-12 -1.27688e-11 -1.85e+06 -2.95191e-11
-2.05165e-11 1.9e+06 3.03932e-11 2.05165e-11 -1.9e+06 3.11562e-11
1.9466e-11 1.95e+06 -1.188e-11 -1.9466e-11 -1.95e+06 -4.65181e-11
-3.84136e-11 2e+06 4.16543e-11 3.84136e-11 -2e+06 7.35867e-11
3.27585e-11 2.05e+06 -4.71571e-11 -3.27585e-11 -2.05e+06 -5.11184e-11
-2.39911e-11 2.1e+06 5.02046e-11 2.39911e-11 -2.1e+06 2.17687e-11
1.15484e-11 2.15e+06 -3.18484e-11 -1.15484e-11 -2.15e+06 -2.79669e-12
-5.21492e-12 2.2e+06 -6.56331e-12 5.21492e-12 -2.2e+06 2.22081e-11
1.25232e-11 2.25e+06 2.00913e-11 -1.25232e-11 -2.25e+06 -5.76607e-11
-3.42895e-11 2.3e+06 5.75348e-11 3.42895e-11 -2.3e+06 4.53335e-11
1.94221e-11 2.35e+06 -1.27397e-11 -1.94221e-11 -2.35e+06 -4.55265e-11
-4.18755e-11 2.4e+06 6.42077e-11 4.18755e-11 -2.4e+06 6.1419e-11
4.00446e-11 2.45e+06 -2.99925e-11 -4.00446e-11 -2.45e+06 -9.01413e-11
-7.50129e-11 2.5e+06 1.07014e-10 7.50129e-11 -2.5e+06 1.18025e-10
5.38502e-11 2.55e+06 -4.63311e-11 -5.38502e-11 -2.55e+06 -1.15219e-10
-6.33062e-11 2.6e+06 1.10843e-10 6.33062e-11 -2.6e+06 7.90757e-11
2.3246e-11 2.65e+06 1.28809e-11 -2.3246e-11 -2.65e+06 -8.26187e-11
-8.85713e-11 2.7e+06 1.39511e-10 8.85713e-11 -2.7e+06 1.26203e-10
6.38696e-11 2.75e+06 -6.45569e-11 -6.38696e-11 -2.75e+06 -1.27052e-10
-5.67924e-11 2.8e+06 8.04762e-11 5.67924e-11 -2.8e+06 8.99008e-11
2.91952e-11 2.85e+06 -6.57765e-13 -2.91952e-11 -2.85e+06 -8.69279e-11
-5.99525e-11 2.9e+06 7.05882e-11 5.99525e-11 -2.9e+06 1.09269e-10
3.594e-11 2.95e+06 -2.14546e-11 -3.594e-11 -2.95e+06 -8.63655e-11
-4.53818e-11 3e+06 6.52322e-11 4.53818e-11 -3e+06 7.09133e-11
3.11947e-11 3.05e+06 -1.28687e-11 -3.11947e-11 -3.05e+06 -8.07153e-11
-3.95589e-11 3.1e+06 6.80074e-11 3.95589e-11 -3.1e+06 5.06692e-11
7.86604e-12 3.15e+06 -3.72979e-12 -7.86604e-12 -3.15e+06 -1.98683e-11
-2.41864e-11 3.2e+06 6.82925e-11 2.41864e-11 -3.2e+06 4.26673e-12
2.79334e-12 3.25e+06 2.08531e-11 -2.79334e-12 -3.25e+06 -2.92331e-11
-3.93194e-11 3.3e+06 7.19696e-11 3.93194e-11 -3.3e+06 4.59887e-11
-2.39663e-14 3.35e+06 3.85432e-11 2.39663e-14 -3.35e+06 -3.84713e-11
-2.06138e-11 3.4e+06 5.21911e-11 2.06138e-11 -3.4e+06 9.65035e-12
-1.59061e-11 3.45e+06 6.69731e-11 1.59061e-11 -3.45e+06 -1.92548e-11
-4.36179e-11 3.5e+06 7.21029e-11 4.36179e-11 -3.5e+06 5.87509e-11
3.51325e-11 3.55e+06 -1.31157e-11 -3.51325e-11 -3.55e+06 -9.22817e-11
-8.46875e-11 3.6e+06 1.18081e-10 8.46875e-11 -3.6e+06 1.35982e-10
5.31646e-11 3.65e+06 -2.4005e-11 -5.31646e-11 -3.65e+06 -1.35489e-10
-6.46229e-11 3.7e+06 1.00525e-10 6.46229e-11 -3.7e+06 9.33441e-11
6.01379e-12 3.75e+06 -4.51218e-15 -6.01379e-12 -3.75e+06 -1.80368e-11
-2.00866e-11 3.8e+06 7.96113e-11 2.00866e-11 -3.8e+06 -1.93517e-11
4.32058e-12 3.85e+06 1.12298e-11 -4.32058e-12 -3.85e+06 -2.41915e-11
-3.99567e-11 3.9e+06 5.72037e-11 3.99567e-11 -3.9e+06 6.26664e-11
-8.04286e-12 3.95e+06 3.87967e-11 8.04286e-12 -3.95e+06 -1.46681e-11
1.38424e-12 4e+06 -2.93271e-11 -1.38424e-12 -4e+06 2.51744e-11
2.5584e-11 4.05e+06 -8.6604e-12 -2.5584e-11 -4.05e+06 -6.80917e-11
-3.74126e-11 4.1e+06 1.7106e-11 3.74126e-11 -4.1e+06 9.51317e-11
4.64229e-11 4.15e+06 -5.56494e-12 -4.64229e-11 -4.15e+06 -1.33704e-10
-7.10556e-11 4.2e+06 9.35049e-11 7.10556e-11 -4.2e+06 1.19662e-10
4.29258e-11 4.25e+06 -3.48153e-11 -4.29258e-11 -4.25e+06 -9.39623e-11
-3.06809e-11 4.3e+06 -2.2745e-11 3.06809e-11 -4.3e+06 1.14788e-10
4.2314e-11 4.35e+06 -5.27062e-12 -4.2314e-11 -4.35e+06 -1.21671e-10
-4.93012e-11 4.4e+06 6.82526e-11 4.93012e-11 -4.4e+06 7.96511e-11
4.43538e-11 4.45e+06 -1.0133e-11 -4.43538e-11 -4.45e+06 -1.22928e-10
-8.99611e-11 4.5e+06 1.4821e-10 8.99611e-11 -4.5e+06 1.21673e-10
3.0771e-11 4.55e+06 -1.40592e-11 -3.0771e-11 -4.55e+06 -7.82538e-11
-8.1744e-11 4.6e+06 1.36911e-10 8.1744e-11 -4.6e+06 1.08321e-10
3.9369e-11 4.65e+06 4.56674e-11 -3.9369e-11 -4.65e+06 -1.63774e-10
-1.05628e-10 4.7e+06 1.47794e-10 1.05628e-10 -4.7e+06 1.69089e-10
6.88847e-11 4.75e+06 -5.71592e-11 -6.88847e-11 -4.75e+06 -1.49495e-10
-8.56789e-11 4.8e+06 9.75322e-11 8.56789e-11 -4.8e+06 1.59505e-10
5.69459e-11 4.85e+06 -2.29602e-11 -5.69459e-11 -4.85e+06 -1.47877e-10
-9.86083e-11 4.9e+06 1.49501e-10 9.86083e-11 -4.9e+06 1.46324e-10
6.43819e-11 4.95e+06 1.9582e-11 -6.43819e-11 -4.95e+06 -2.12728e-10
-1.58457e-10 5e+06 2.4475e-10 1.58457e-10 -5e+06 2.30621e-10
9.49686e-11 5.05e+06 -7.79759e-11 -9.49686e-11 -5.05e+06 -2.0693e-10
-9.38463e-11 5.1e+06 1.68547e-10 9.38463e-11 -5.1e+06 1.12992e-10
3.16274e-12 5.15e+06 6.10508e-11 -3.16274e-12 -5.15e+06 -7.0539e-11
-1.28177e-10 5.2e+06 1.57785e-10 1.28177e-10 -5.2e+06 2.26747e-10
1.14085e-10 5.25e+06 -9.62157e-11 -1.14085e-10 -5.25e+06 -2.46041e-10
-1.35921e-10 5.3e+06 1.53261e-10 1.35921e-10 -5.3e+06 2.54503e-10
1.34228e-10 5.35e+06 -1.14292e-10 -1.34228e-10 -5.35e+06 -2.88392e-10
-1.30705e-10 5.4e+06 2.55492e-10 1.30705e-10 -5.4e+06 1.36624e-10
-1.9609e-11 5.45e+06 1.0038e-10 1.9609e-11 -5.45e+06 -4.15529e-11
-2.90432e-11 5.5e+06 -2.96218e-11 2.90432e-11 -5.5e+06 1.16751e-10
6.8681e-11 5.55e+06 3.19387e-11 -6.8681e-11 -5.55e+06 -2.37982e-10
-1.10016e-10 5.6e+06 1.18878e-10 1.10016e-10 -5.6e+06 2.1117e-10
1.07887e-11 5.65e+06 7.14618e-11 -1.07887e-11 -5.65e+06 -1.03828e-10
-5.14623e-11 5.7e+06 1.2472e-10 5.14623e-11 -5.7e+06 2.96664e-11
-1.59269e-11 5.75e+06 3.93774e-11 1.59269e-11 -5.75e+06 8.40333e-12
-1.66554e-11 5.8e+06 4.89971e-12 1.66554e-11 -5.8e+06 4.50665e-11
1.73716e-11 5.85e+06 7.16237e-11 -1.73716e-11 -5.85e+06 -1.23738e-10
-7.9366e-11 5.9e+06 8.8933e-11 7.9366e-11 -5.9e+06 1.49165e-10
2.32489e-11 5.95e+06 6.07326e-11 -2.32489e-11 -5.95e+06 -1.30479e-10
-3.97912e-11 6e+06 2.43746e-11 3.97912e-11 -6e+06 9.49991e-11
-3.51333e-13 6.05e+06 1.09642e-10 3.51333e-13 -6.05e+06 -1.08588e-10
-3.48966e-11 6.1e+06 -1.15129e-12 3.48966e-11 -6.1e+06 1.05841e-10
-3.36582e-11 6.15e+06 1.58989e-10 3.36582e-11 -6.15e+06 -5.80144e-11
2.85175e-11 6.2e+06 -7.90389e-11 -2.85175e-11 -6.2e+06 -6.51362e-12
-9.63516e-11 6.25e+06 1.96681e-10 9.63516e-11 -6.25e+06 9.23735e-11
7.05201e-11 6.3e+06 -6.20872e-11 -7.05201e-11 -6.3e+06 -1.49473e-10
-6.55385e-11 6.35e+06 1.75785e-10 6.55385e-11 -6.35e+06 2.08306e-11
-2.75297e-11 6.4e+06 2.9581e-12 2.75297e-11 -6.4e+06 7.96311e-11
-8.01007e-12 6.45e+06 1.0425e-10 8.01007e-12 -6.45e+06 -8.02195e-11
-3.09261e-11 6.5e+06 -1.12771e-12 3.09261e-11 -6.5e+06 9.3906e-11
2.27337e-11 6.55e+06 5.53214e-11 -2.27337e-11 -6.55e+06 -1.23523e-10
-7.99748e-11 6.6e+06 9.60474e-11 7.99748e-11 -6.6e+06 1.43877e-10
2.7833e-11 6.65e+06 3.65544e-11 -2.7833e-11 -6.65e+06 -1.20053e-10
-5.14729e-11 6.7e+06 5.69911e-11 5.14729e-11 -6.7e+06 9.74277e-11
5.65257e-12 6.75e+06 8.73165e-11 -5.65257e-12 -6.75e+06 -1.04274e-10
-1.99746e-11 6.8e+06 1.29672e-11 1.99746e-11 -6.8e+06 4.69567e-11
-3.17222e-11 6.85e+06 1.37185e-10 3.17222e-11 -6.85e+06 -4.20189e-11
-4.85877e-11 6.9e+06 2.29403e-11 4.85877e-11 -6.9e+06 1.22823e-10
2.23694e-11 6.95e+06 5.64008e-11 -2.23694e-11 -6.95e+06 -1.23509e-10
-2.80255e-11 7e+06 2.87321e-12 2.80255e-11 -7e+06 8.12034e-11
-5.3154e-11 7.05e+06 1.76056e-10 5.3154e-11 -7.05e+06 -1.65935e-11
2.79153e-12 7.1e+06 -4.6677e-11 -2.79153e-12 -7.1e+06 3.83024e-11
1.69084e-12 7.15e+06 1.12661e-10 -1.69084e-12 -7.15e+06 -1.17733e-10
-4.76857e-11 7.2e+06 5.41208e-11 4.76857e-11 -7.2e+06 8.89364e-11
1.05829e-11 7.25e+06 6.08041e-11 -1.05829e-11 -7.25e+06 -9.25528e-11
-5.52288e-11 7.3e+06 5.39132e-11 5.52288e-11 -7.3e+06 1.11773e-10
3.2255e-11 7.35e+06 1.53689e-11 -3.2255e-11 -7.35e+06 -1.12134e-10
-9.636e-11 7.4e+06 1.59567e-10 9.636e-11 -7.4e+06 1.29513e-10
7.2094e-11 7.45e+06 -7.66846e-11 -7.2094e-11 -7.45e+06 -1.39598e-10
-8.02224e-11 7.5e+06 1.2156e-10 8.02224e-11 -7.5e+06 1.19107e-10
8.39887e-12 7.55e+06 -1.74617e-12 -8.39887e-12 -7.55e+06 -2.34504e-11
-3.01589e-11 7.6e+06 3.95534e-11 3.01589e-11 -7.6e+06 5.09232e-11
4.03435e-11 7.65e+06 -2.74915e-11 -4.03435e-11 -7.65e+06 -9.35391e-11
-3.16949e-11 7.7e+06 6.91367e-11 3.16949e-11 -7.7e+06 2.59481e-11
-3.12397e-11 7.75e+06 8.72683e-11 3.12397e-11 -7.75e+06 6.45082e-12
3.12104e-11 7.8e+06 -4.25666e-11 -3.12104e-11 -7.8e+06 -5.10646e-11
-6.71492e-11 7.85e+06 1.54927e-10 6.71492e-11 -7.85e+06 4.65208e-11
4.11705e-11 7.9e+06 -1.56196e-10 -4.11705e-11 -7.9e+06 3.2684e-11
-1.62341e-11 7.95e+06 2.91732e-11 1.62341e-11 -7.95e+06 1.95291e-11
4.39218e-11 8e+06 -9.84016e-11 -4.39218e-11 -8e+06 -3.3364e-11
-3.87024e-11 8.05e+06 1.07682e-10 3.87024e-11 -8.05e+06 8.42525e-12
3.9741e-11 8.1e+06 -1.14463e-10 -3.9741e-11 -8.1e+06 -4.76055e-12
-6.70376e-11 8.15e+06 1.01806e-10 6.70376e-11 -8.15e+06 9.93066e-11
1.22245e-10 8.2e+06 -1.95262e-10 -1.22245e-10 -8.2e+06 -1.71474e-10
-1.82624e-10 8.25e+06 2.58454e-10 1.82624e-10 -8.25e+06 2.89419e-10
2.09072e-10 8.3e+06 -2.99576e-10 -2.09072e-10 -8.3e+06 -3.27642e-10
-1.96341e-10 8.35e+06 2.43634e-10 1.96341e-10 -8.35e+06 3.45389e-10
2.02281e-10 8.4e+06 -1.60415e-10 -2.02281e-10 -8.4e+06 -4.46429e-10
-2.39764e-10 8.45e+06 2.29495e-10 2.39764e-10 -8.45e+06 4.89796e-10
2.56339e-10 8.5e+06 -2.58224e-10 -2.56339e-10 -8.5e+06 -5.10794e-10
-2.36822e-10 8.55e+06 1.8228e-10 2.36822e-10 -8.55e+06 5.28184e-10
2.47496e-10 8.6e+06 -2.94268e-10 -2.47496e-10 -8.6e+06 -4.48221e-10
-1.55541e-10 8.65e+06 9.09021e-11 1.55541e-10 -8.65e+06 3.75721e-10
1.78658e-10 8.7e+06 -2.411e-10 -1.78658e-10 -8.7e+06 -2.94874e-10
-5.32135e-11 8.75e+06 3.95185e-11 5.32135e-11 -8.75e+06 1.20122e-10
6.49978e-11 8.8e+06 -3.408e-11 -6.49978e-11 -8.8e+06 -1.60913e-10
-9.05454e-11 8.85e+06 4.97142e-11 9.05454e-11 -8.85e+06 2.21922e-10
9.22322e-11 8.9e+06 5.40928e-11 -9.22322e-11 -8.9e+06 -3.30789e-10
-2.34585e-10 8.95e+06 2.88851e-10 2.34585e-10 -8.95e+06 4.14903e-10
1.81311e-10 9e+06 -1.69665e-10 -1.81311e-10 -9e+06 -3.74268e-10
-1.14346e-10 9.05e+06 1.34089e-10 1.14346e-10 -9.05e+06 2.0895e-10
4.72664e-12 9.1e+06 6.51834e-11 -4.72664e-12 -9.1e+06 -7.93633e-11
-2.93928e-11 9.15e+06 3.393e-11 2.93928e-11 -9.15e+06 5.42484e-11
1.28977e-11 9.2e+06 1.11736e-10 -1.28977e-11 -9.2e+06 -1.50429e-10
-1.04115e-10 9.25e+06 2.69269e-11 1.04115e-10 -9.25e+06 2.85418e-10
7.92644e-11 9.3e+06 1.17681e-10 -7.92644e-11 -9.3e+06 -3.55474e-10
-1.13305e-10 9.35e+06 5.88775e-11 1.13305e-10 -9.35e+06 2.81037e-10
3.94674e-11 9.4e+06 1.26525e-10 -3.94674e-11 -9.4e+06 -2.44928e-10
-9.94216e-11 9.45e+06 -4.64813e-11 9.94216e-11 -9.45e+06 3.44746e-10
6.18729e-11 9.5e+06 1.60188e-10 -6.18729e-11 -9.5e+06 -3.45807e-10
-1.14502e-10 9.55e+06 1.14376e-11 1.14502e-10 -9.55e+06 3.32069e-10
1.08526e-10 9.6e+06 1.11729e-10 -1.08526e-10 -9.6e+06 -4.37306e-10
-1.416e-10 9.65e+06 1.06916e-11 1.416e-10 -9.65e+06 4.14109e-10
7.27592e-11 9.7e+06 6.02283e-11 -7.27592e-11 -9.7e+06 -2.78506e-10
-7.91367e-11 9.75e+06 -6.06827e-12 7.91367e-11 -9.75e+06 2.43478e-10
1.7145e-11 9.8e+06 2.09855e-10 -1.7145e-11 -9.8e+06 -2.6129e-10
-8.10522e-11 9.85e+06 -6.10699e-11 8.10522e-11 -9.85e+06 3.04226e-10
8.45622e-11 9.9e+06 1.15783e-10 -8.45622e-11 -9.9e+06 -3.6947e-10
-1.45807e-10 9.95e+06 1.70953e-11 1.45807e-10 -9.95e+06 4.20325e-10
1.05359e-10 1e+07 3.89612e-11 -1.05359e-10 -1e+07 -3.55037e-10
-8.95087e-11 1.005e+07 -4.08892e-11 8.95087e-11 -1.005e+07 3.09415e-10
4.11474e-11 1.01e+07 2.34776e-10 -4.11474e-11 -1.01e+07 -3.58219e-10
-8.75712e-11 1.015e+07 -4.77188e-12 8.75712e-11 -1.015e+07 2.67485e-10
-6.6394e-12 1.02e+07 2.38657e-10 6.6394e-12 -1.02e+07 -2.18739e-10
-1.96246e-11 1.025e+07 -1.49515e-10 1.96246e-11 -1.025e+07 2.08389e-10
-7.50056e-11 1.03e+07 3.70895e-10 7.50056e-11 -1.03e+07 -1.45879e-10
-3.29261e-12 1.035e+07 -1.21107e-10 3.29261e-12 -1.035e+07 1.30985e-10
-3.67624e-11 1.04e+07 3.65256e-10 3.67624e-11 -1.04e+07 -2.54969e-10
-1.12396e-10 1.045e+07 -9.20156e-11 1.12396e-10 -1.045e+07 4.29204e-10
8.82676e-11 1.05e+07 1.97635e-10 -8.82676e-11 -1.05e+07 -4.62438e-10
-1.77168e-10 1.055e+07 1.10568e-11 1.77168e-10 -1.055e+07 5.20447e-10
1.46459e-10 1.06e+07 3.39432e-11 -1.46459e-10 -1.06e+07 -4.7332e-10
-1.73388e-10 1.065e+07 2.25434e-11 1.73388e-10 -1.065e+07 4.97622e-10
1.92249e-10 1.07e+07 -2.23937e-11 -1.92249e-10 -1.07e+07 -5.54355e-10
-2.57542e-10 1.075e+07 1.76179e-10 2.57542e-10 -1.075e+07 5.96448e-10
3.14772e-10 1.08e+07 -1.74046e-10 -3.14772e-10 -1.08e+07 -7.70269e-10
-4.23576e-10 1.085e+07 3.95681e-10 4.23576e-10 -1.085e+07 8.75046e-10
3.898e-10 1.09e+07 -2.81499e-10 -3.898e-10 -1.09e+07 -8.879e-10
-4.09805e-10 1.095e+07 4.26534e-10 4.09805e-10 -1.095e+07 8.0288e-10
2.6404e-10 1.1e+07 -9.45819e-11 -2.6404e-10 -1.1e+07 -6.97537e-10
-2.71433e-10 1.105e+07 2.35711e-10 2.71433e-10 -1.105e+07 5.78588e-10
1.45862e-10 1.11e+07 -2.528e-11 -1.45862e-10 -1.11e+07 -4.12305e-10
-1.84179e-10 1.115e+07 1.18114e-10 1.84179e-10 -1.115e+07 4.34423e-10
1.70636e-10 1.12e+07 -4.30352e-11 -1.70636e-10 -1.12e+07 -4.68872e-10
-2.99868e-10 1.125e+07 2.69034e-10 2.99868e-10 -1.125e+07 6.30569e-10
2.48507e-10 1.13e+07 -4.02085e-11 -2.48507e-10 -1.13e+07 -7.05313e-10
-2.9993e-10 1.135e+07 2.91386e-10 2.9993e-10 -1.135e+07 6.08405e-10
1.954e-10 1.14e+07 5.48342e-12 -1.954e-10 -1.14e+07 -5.91682e-10
-2.59514e-10 1.145e+07 1.89925e-10 2.59514e-10 -1.145e+07 5.88618e-10
1.49657e-10 1.15e+07 4.50466e-11 -1.49657e-10 -1.15e+07 -4.94019e-10
-1.44663e-10 1.155e+07 3.93329e-11 1.44663e-10 -1.155e+07 3.94655e-10
2.3531e-11 1.16e+07 1.65837e-10 -2.3531e-11 -1.16e+07 -2.3643e-10
-2.56492e-11 1.165e+07 -1.37916e-10 2.56492e-11 -1.165e+07 2.14863e-10
4.12687e-11 1.17e+07 2.57449e-10 -4.12687e-11 -1.17e+07 -3.81255e-10
-1.19033e-10 1.175e+07 -1.53639e-11 1.19033e-10 -1.175e+07 3.72462e-10
-1.90945e-11 1.18e+07 3.37113e-10 1.90945e-11 -1.18e+07 -2.79829e-10
-3.8049e-11 1.185e+07 -1.39731e-10 3.8049e-11 -1.185e+07 2.53878e-10
3.64459e-11 1.19e+07 3.14079e-10 -3.64459e-11 -1.19e+07 -4.23417e-10
-1.6821e-10 1.195e+07 -4.17935e-11 1.6821e-10 -1.195e+07 5.46424e-10
8.02245e-11 1.2e+07 2.06677e-10 -8.02245e-11 -1.2e+07 -4.4735e-10
-1.53637e-10 1.205e+07 -3.41056e-11 1.53637e-10 -1.205e+07 4.95017e-10
4.49072e-11 1.21e+07 2.71987e-10 -4.49072e-11 -1.21e+07 -4.06709e-10
-2.12231e-11 1.215e+07 -1.68353e-10 2.12231e-11 -1.215e+07 2.32022e-10
-5.51534e-11 1.22e+07 3.24334e-10 5.51534e-11 -1.22e+07 -1.58874e-10
-3.10272e-11 1.225e+07 -2.1091e-10 3.10272e-11 -1.225e+07 3.03992e-10
3.7789e-11 1.23e+07 3.3882e-10 -3.7789e-11 -1.23e+07 -4.52186e-10
-1.9687e-10 1.235e+07 7.75567e-11 1.9687e-10 -1.235e+07 5.13054e-10
4.45773e-11 1.24e+07 3.14036e-10 -4.45773e-11 -1.24e+07 -4.47768e-10
5.77275e-12 1.245e+07 -3.23361e-10 -5.77275e-12 -1.245e+07 3.06043e-10
-1.49198e-11 1.25e+07 5.98272e-10 1.49198e-11 -1.25e+07 -5.53512e-10
-2.6807e-10 1.255e+07 -4.7048e-11 2.6807e-10 -1.255e+07 8.51258e-10
3.03301e-10 1.26e+07 -3.06007e-12 -3.03301e-10 -1.26e+07 -9.06843e-10
-2.9502e-10 1.265e+07 9.55359e-11 2.9502e-10 -1.265e+07 7.89524e-10
1.8828e-10 1.27e+07 1.56639e-10 -1.8828e-10 -1.27e+07 -7.2148e-10
-3.2579e-10 1.275e+07 2.09225e-10 3.2579e-10 -1.275e+07 7.68146e-10
2.97119e-10 1.28e+07 5.50075e-12 -2.97119e-10 -1.28e+07 -8.96857e-10
-3.84058e-10 1.285e+07 1.40566e-10 3.84058e-10 -1.285e+07 1.01161e-09
3.33155e-10 1.29e+07 -3.61173e-11 -3.33155e-10 -1.29e+07 -9.63348e-10
-3.19542e-10 1.295e+07 9.01302e-11 3.19542e-10 -1.295e+07 8.68496e-10
2.48585e-10 1.3e+07 1.02744e-10 -2.48585e-10 -1.3e+07 -8.485e-10
-2.9572e-10 1.305e+07 7.14577e-11 2.9572e-10 -1.305e+07 8.15703e-10
2.88922e-10 1.31e+07 -2.83836e-11 -2.88922e-10 -1.31e+07 -8.38384e-10
-3.09903e-10 1.315e+07 1.21848e-10 3.09903e-10 -1.315e+07 8.0786e-10
2.90513e-10 1.32e+07 -1.25332e-10 -2.90513e-10 -1.32e+07 -7.46208e-10
-2.83621e-10 1.325e+07 -4.08083e-12 2.83621e-10 -1.325e+07 8.54945e-10
3.27981e-10 1.33e+07 -1.85124e-11 -3.27981e-10 -1.33e+07 -9.65431e-10
-3.65041e-10 1.335e+07 2.06483e-10 3.65041e-10 -1.335e+07 8.8864e-10
2.75497e-10 1.34e+07 -6.90332e-11 -2.75497e-10 -1.34e+07 -7.57456e-10
-2.93701e-10 1.345e+07 1.0969e-10 2.93701e-10 -1.345e+07 7.71412e-10
2.97689e-10 1.35e+07 -8.14626e-11 -2.97689e-10 -1.35e+07 -8.11605e-10
-4.06113e-10 1.355e+07 2.81976e-10 4.06113e-10 -1.355e+07 9.36362e-10
4.16052e-10 1.36e+07 -1.78177e-10 -4.16052e-10 -1.36e+07 -1.06998e-09
-4.63624e-10 1.365e+07 3.86977e-10 4.63624e-10 -1.365e+07 1.0039e-09
3.82276e-10 1.37e+07 -1.15362e-10 -3.82276e-10 -1.37e+07 -1.03147e-09
-4.127e-10 1.375e+07 2.49592e-10 4.127e-10 -1.375e+07 9.88508e-10
2.58372e-10 1.38e+07 2.08275e-12 -2.58372e-10 -1.38e+07 -7.77199e-10
-2.71397e-10 1.385e+07 2.07627e-10 2.71397e-10 -1.385e+07 6.06564e-10
2.11085e-10 1.39e+07 7.5844e-12 -2.11085e-10 -1.39e+07 -6.40838e-10
-3.84211e-10 1.395e+07 2.67769e-10 3.84211e-10 -1.395e+07 8.84863e-10
3.44553e-10 1.4e+07 -8.79175e-11 -3.44553e-10 -1.4e+07 -9.45743e-10
-3.11821e-10 1.405e+07 1.14505e-10 3.11821e-10 -1.405e+07 8.20959e-10
3.04121e-10 1.41e+07 1.16777e-11 -3.04121e-10 -1.41e+07 -9.24041e-10
-4.19608e-10 1.415e+07 3.34851e-10 4.19608e-10 -1.415e+07 9.23971e-10
2.26774e-10 1.42e+07 6.03481e-12 -2.26774e-10 -1.42e+07 -6.86356e-10
-1.86718e-10 1.425e+07 -9.14644e-11 1.86718e-10 -1.425e+07 6.51618e-10
1.42849e-10 1.43e+07 2.47789e-10 -1.42849e-10 -1.43e+07 -6.76335e-10
-1.26182e-10 1.435e+07 -4.26902e-10 1.26182e-10 -1.435e+07 8.05449e-10
1.2675e-10 1.44e+07 4.65793e-10 -1.2675e-10 -1.44e+07 -8.46044e-10
-1.49786e-10 1.445e+07 -2.00956e-10 1.49786e-10 -1.445e+07 6.50312e-10
2.6033e-12 1.45e+07 5.21136e-10 -2.6033e-12 -1.45e+07 -5.28946e-10
-7.54635e-11 1.455e+07 -3.29809e-10 7.54635e-11 -1.455e+07 5.56199e-10
-4.43907e-12 1.46e+07 5.74674e-10 4.43907e-12 -1.46e+07 -5.61357e-10
-4.55819e-11 1.465e+07 -3.71941e-10 4.55819e-11 -1.465e+07 5.08687e-10
4.51876e-11 1.47e+07 3.14894e-10 -4.51876e-11 -1.47e+07 -4.50456e-10
-2.13618e-11 1.475e+07 -3.26704e-10 2.13618e-11 -1.475e+07 3.9079e-10
1.47595e-11 1.48e+07 3.86037e-10 -1.47595e-11 -1.48e+07 -4.30315e-10
-4.82182e-11 1.485e+07 -3.39361e-10 4.82182e-11 -1.485e+07 4.84015e-10
1.42792e-11 1.49e+07 3.47193e-10 -1.42792e-11 -1.49e+07 -3.9003e-10
2.20302e-11 1.495e+07 -3.51554e-10 -2.20302e-11 -1.495e+07 2.85463e-10
-4.26878e-11 1.5e+07 4.5892e-10 4.26878e-11 -1.5e+07 -3.30857e-10
3.82906e-11 1.505e+07 -4.52832e-10 -3.82906e-11 -1.505e+07 3.3796e-10
-1.3772e-10 1.51e+07 6.17386e-10 1.3772e-10 -1.51e+07 -2.04227e-10
2.03737e-10 1.515e+07 -5.79439e-10 -2.03737e-10 -1.515e+07 -3.17732e-11
-1.78512e-10 1.52e+07 6.32604e-10 1.78512e-10 -1.52e+07 -9.70672e-11
-3.71508e-11 1.525e+07 -3.34485e-10 3.71508e-11 -1.525e+07 4.45937e-10
1.69267e-10 1.53e+07 1.30994e-10 -1.69267e-10 -1.53e+07 -6.38794e-10
-1.72644e-10 1.535e+07 -1.77062e-10 1.72644e-10 -1.535e+07 6.94996e-10
1.27557e-10 1.54e+07 1.76557e-10 -1.27557e-10 -1.54e+07 -5.59228e-10
-1.72862e-10 1.545e+07 -9.15992e-11 1.72862e-10 -1.545e+07 6.10186e-10
2.08843e-10 1.55e+07 1.33019e-10 -2.08843e-10 -1.55e+07 -7.59548e-10
-2.70006e-10 1.555e+07 -2.55122e-11 2.70006e-10 -1.555e+07 8.35529e-10
2.04322e-10 1.56e+07 1.30323e-10 -2.04322e-10 -1.56e+07 -7.43289e-10
-1.94543e-10 1.565e+07 -1.43834e-10 1.94543e-10 -1.565e+07 7.27463e-10
1.8835e-10 1.57e+07 2.92969e-10 -1.8835e-10 -1.57e+07 -8.5802e-10
-1.76995e-10 1.575e+07 -1.98131e-10 1.76995e-10 -1.575e+07 7.29116e-10
1.25443e-10 1.58e+07 2.75001e-10 -1.25443e-10 -1.58e+07 -6.51329e-10
-1.38001e-10 1.585e+07 -3.65971e-10 1.38001e-10 -1.585e+07 7.79972e-10
2.04454e-10 1.59e+07 1.41345e-10 -2.04454e-10 -1.59e+07 -7.54707e-10
-1.6508e-10 1.595e+07 -2.30928e-10 1.6508e-10 -1.595e+07 7.26168e-10
1.39792e-10 1.6e+07 2.9839e-10 -1.39792e-10 -1.6e+07 -7.17768e-10
-1.03071e-10 1.605e+07 -3.70684e-10 1.03071e-10 -1.605e+07 6.79896e-10
6.67264e-11 1.61e+07 3.54635e-10 -6.67264e-11 -1.61e+07 -5.54814e-10
-6.53254e-11 1.615e+07 -3.57057e-10 6.53254e-11 -1.615e+07 5.53033e-10
5.43515e-11 1.62e+07 3.13889e-10 -5.43515e-11 -1.62e+07 -4.76944e-10
-4.71803e-11 1.625e+07 -3.12495e-10 4.71803e-11 -1.625e+07 4.54036e-10
6.14257e-11 1.63e+07 3.25945e-10 -6.14257e-11 -1.63e+07 -5.10222e-10
1.75513e-11 1.635e+07 -5.20878e-10 -1.75513e-11 -1.635e+07 4.68224e-10
9.96563e-11 1.64e+07 2.48018e-10 -9.96563e-11 -1.64e+07 -5.46987e-10
-1.42182e-10 1.645e+07 -3.69468e-10 1.42182e-10 -1.645e+07 7.96015e-10
2.0878e-10 1.65e+07 1.11988e-10 -2.0878e-10 -1.65e+07 -7.38327e-10
-1.36525e-10 1.655e+07 -3.4684e-10 1.36525e-10 -1.655e+07 7.56416e-10
1.91083e-10 1.66e+07 3.98006e-10 -1.91083e-10 -1.66e+07 -9.71256e-10
-2.52662e-10 1.665e+07 -1.67223e-10 2.52662e-10 -1.665e+07 9.25209e-10
2.6379e-10 1.67e+07 1.91079e-10 -2.6379e-10 -1.67e+07 -9.82448e-10
-3.13381e-10 1.675e+07 -1.74962e-10 3.13381e-10 -1.675e+07 1.11511e-09
3.12181e-10 1.68e+07 1.5236e-10 -3.12181e-10 -1.68e+07 -1.0889e-09
-1.21571e-10 1.685e+07 -3.85806e-10 1.21571e-10 -1.685e+07 7.50518e-10
2.57959e-11 1.69e+07 4.74154e-10 -2.57959e-11 -1.69e+07 -5.51542e-10
-4.43481e-11 1.695e+07 -5.61901e-10 4.43481e-11 -1.695e+07 6.94945e-10
2.07544e-10 1.7e+07 2.52478e-10 -2.07544e-10 -1.7e+07 -8.7511e-10
-1.87091e-10 1.705e+07 -4.27493e-10 1.87091e-10 -1.705e+07 9.88767e-10
2.36687e-10 1.71e+07 6.51357e-11 -2.36687e-10 -1.71e+07 -7.75198e-10
-1.42519e-10 1.715e+07 -4.42327e-10 1.42519e-10 -1.715e+07 8.69885e-10
3.85019e-10 1.72e+07 -2.84471e-10 -3.85019e-10 -1.72e+07 -8.70585e-10
-1.93596e-10 1.725e+07 -2.88897e-10 1.93596e-10 -1.725e+07 8.69687e-10
3.13295e-10 1.73e+07 1.49357e-10 -3.13295e-10 -1.73e+07 -1.08924e-09
-1.88405e-10 1.735e+07 -4.2184e-10 1.88405e-10 -1.735e+07 9.87054e-10
2.8809e-10 1.74e+07 1.04068e-10 -2.8809e-10 -1.74e+07 -9.68337e-10
-2.22831e-10 1.745e+07 -3.30241e-10 2.22831e-10 -1.745e+07 9.98735e-10
2.78793e-10 1.75e+07 2.73522e-10 -2.78793e-10 -1.75e+07 -1.1099e-09
-2.54562e-10 1.755e+07 1.56863e-11 2.54562e-10 -1.755e+07 7.47998e-10
8.87157e-11 1.76e+07 5.39426e-10 -8.87157e-11 -1.76e+07 -8.05574e-10
-1.91164e-10 1.765e+07 -3.52082e-10 1.91164e-10 -1.765e+07 9.25574e-10
1.99246e-10 1.77e+07 2.66777e-10 -1.99246e-10 -1.77e+07 -8.64515e-10
-1.95932e-10 1.775e+07 -3.17798e-10 1.95932e-10 -1.775e+07 9.05594e-10
2.07698e-10 1.78e+07 3.49558e-10 -2.07698e-10 -1.78e+07 -9.72654e-10
-2.51882e-10 1.785e+07 -3.17675e-10 2.51882e-10 -1.785e+07 1.07332e-09
2.36598e-10 1.79e+07 2.20835e-10 -2.36598e-10 -1.79e+07 -9.30631e-10
-1.17559e-10 1.795e+07 -3.57395e-10 1.17559e-10 -1.795e+07 7.10073e-10
-4.04654e-11 1.8e+07 5.65129e-10 4.04654e-11 -1.8e+07 -4.43732e-10
-3.75592e-11 1.805e+07 -1.40944e-10 3.75592e-11 -1.805e+07 2.53621e-10
-1.25342e-10 1.81e+07 7.0509e-10 1.25342e-10 -1.81e+07 -3.29064e-10
2.8124e-12 1.815e+07 -2.31355e-10 -2.8124e-12 -1.815e+07 2.22918e-10
-2.05395e-10 1.82e+07 9.08207e-10 2.05395e-10 -1.82e+07 -2.92021e-10
-1.3467e-10 1.825e+07 -1.72584e-10 1.3467e-10 -1.825e+07 5.76593e-10
1.41623e-10 1.83e+07 5.17262e-10 -1.41623e-10 -1.83e+07 -9.42132e-10
-3.26741e-10 1.835e+07 -1.45166e-12 3.26741e-10 -1.835e+07 9.81675e-10
1.1567e-10 1.84e+07 4.64065e-10 -1.1567e-10 -1.84e+07 -8.11074e-10
-2.40312e-10 1.845e+07 -1.75685e-10 2.40312e-10 -1.845e+07 8.96622e-10
1.7993e-10 1.85e+07 4.34992e-10 -1.7993e-10 -1.85e+07 -9.74782e-10
-2.36558e-10 1.855e+07 -2.68148e-10 2.36558e-10 -1.855e+07 9.77822e-10
1.37415e-10 1.86e+07 4.42056e-10 -1.37415e-10 -1.86e+07 -8.54301e-10
-2.51493e-10 1.865e+07 -8.21032e-11 2.51493e-10 -1.865e+07 8.36582e-10
2.28346e-10 1.87e+07 2.90387e-10 -2.28346e-10 -1.87e+07 -9.75424e-10
-2.90712e-10 1.875e+07 -2.11681e-10 2.90712e-10 -1.875e+07 1.08382e-09
2.30746e-10 1.88e+07 1.92543e-10 -2.30746e-10 -1.88e+07 -8.84782e-10
-1.63891e-10 1.885e+07 -4.06976e-10 1.63891e-10 -1.885e+07 8.98648e-10
1.79012e-10 1.89e+07 3.15065e-10 -1.79012e-10 -1.89e+07 -8.52101e-10
-2.96184e-11 1.895e+07 -7.21057e-10 2.96184e-11 -1.895e+07 8.09912e-10
1.34775e-10 1.9e+07 2.70311e-10 -1.34775e-10 -1.9e+07 -6.74637e-10
4.3026e-12 1.905e+07 -7.49207e-10 -4.3026e-12 -1.905e+07 7.36299e-10
1.3509e-10 1.91e+07 2.78162e-10 -1.3509e-10 -1.91e+07 -6.83431e-10
-7.69751e-11 1.915e+07 -5.73162e-10 7.69751e-11 -1.915e+07 8.04088e-10
1.35697e-10 1.92e+07 3.05681e-10 -1.35697e-10 -1.92e+07 -7.12772e-10
3.01264e-11 1.925e+07 -8.59056e-10 -3.01264e-11 -1.925e+07 7.68677e-10
2.95474e-10 1.93e+07 -3.22216e-12 -2.95474e-10 -1.93e+07 -8.83199e-10
-1.50723e-10 1.935e+07 -8.28554e-10 1.50723e-10 -1.935e+07 1.28072e-09
4.34818e-10 1.94e+07 3.13273e-10 -4.34818e-10 -1.94e+07 -1.61773e-09
-4.23348e-10 1.945e+07 -3.77338e-11 4.23348e-10 -1.945e+07 1.30778e-09
3.56243e-10 1.95e+07 2.92068e-10 -3.56243e-10 -1.95e+07 -1.3608e-09
-3.47031e-10 1.955e+07 -1.67514e-10 3.47031e-10 -1.955e+07 1.20861e-09
2.40284e-10 1.96e+07 4.41574e-10 -2.40284e-10 -1.96e+07 -1.16243e-09
-2.84466e-10 1.965e+07 -1.87831e-10 2.84466e-10 -1.965e+07 1.04123e-09
1.2292e-10 1.97e+07 5.84142e-10 -1.2292e-10 -1.97e+07 -9.52901e-10
-1.91532e-10 1.975e+07 -3.38637e-10 1.91532e-10 -1.975e+07 9.13233e-10
5.17908e-11 1.98e+07 5.21037e-10 -5.17908e-11 -1.98e+07 -6.7641e-10
-1.06266e-10 1.985e+07 -3.05058e-10 1.06266e-10 -1.985e+07 6.23856e-10
5.55882e-11 1.99e+07 7.61536e-10 -5.55882e-11 -1.99e+07 -9.283e-10
-1.92197e-10 1.995e+07 -4.30414e-10 1.92197e-10 -1.995e+07 1.00701e-09
5.05848e-11 2e+07 4.16341e-10 -5.05848e-11 -2e+07 -5.68095e-10
-873672 1.95947e+07 1.60102e+06 873672 -1.95947e+07 1.02e+06
-1.74707e+06 1.91896e+07 3.20139e+06 1.74707e+06 -1.91896e+07 2.03982e+06
-2.59264e+06 1.87917e+07 4.73564e+06 2.59264e+06 -1.87917e+07 3.04227e+06
-3.30856e+06 1.84266e+07 5.96069e+06 3.30856e+06 -1.84266e+07 3.96499e+06
-3.84142e+06 1.8112e+07 6.76153e+06 3.84142e+06 -1.8112e+07 4.76273e+06
-4.16554e+06 1.78634e+07 7.10105e+06 4.16554e+06 -1.78634e+07 5.39556e+06
-4.38675e+06 1.76602e+07 7.24234e+06 4.38675e+06 -1.76602e+07 5.91792e+06
-4.56361e+06 1.74906e+07 7.33299e+06 4.56361e+06 -1.74906e+07 6.35785e+06
-4.706e+06 1.736e+07 7.41098e+06 4.706e+06 -1.736e+07 6.707e+06
-4.81004e+06 1.72716e+07 7.47312e+06 4.81004e+06 -1.72716e+07 6.957e+06
-4.88277e+06 1.72182e+07 7.5297e+06 4.88277e+06 -1.72182e+07 7.11862e+06
-4.93346e+06 1.71825e+07 7.58319e+06 4.93346e+06 -1.71825e+07 7.21719e+06
-4.97502e+06 1.71553e+07 7.63519e+06 4.97502e+06 -1.71553e+07 7.28988e+06
-5.0111e+06 1.71333e+07 7.68616e+06 5.0111e+06 -1.71333e+07 7.34715e+06
-5.04527e+06 1.71129e+07 7.73659e+06 5.04527e+06 -1.71129e+07 7.39922e+06
-5.0771e+06 1.70938e+07 7.78641e+06 5.0771e+06 -1.70938e+07 7.4449e+06
-5.10788e+06 1.70754e+07 7.83571e+06 5.10788e+06 -1.70754e+07 7.48794e+06
-5.13806e+06 1.70574e+07 7.88453e+06 5.13806e+06 -1.70574e+07 7.52965e+06
-5.16763e+06 1.70397e+07 7.93283e+06 5.16763e+06 -1.70397e+07 7.57006e+06
-5.19639e+06 1.70226e+07 7.98054e+06 5.19639e+06 -1.70226e+07 7.60862e+06
-5.22413e+06 1.70061e+07 8.02757e+06 5.22413e+06 -1.70061e+07 7.64482e+06
-5.25066e+06 1.69904e+07 8.07378e+06 5.25066e+06 -1.69904e+07 7.67819e+06
-5.27635e+06 1.69752e+07 8.11909e+06 5.27635e+06 -1.69752e+07 7.70995e+06
-5.30083e+06 1.69608e+07 8.1633e+06 5.30083e+06 -1.69608e+07 7.73918e+06
-5.3239e+06 1.69472e+07 8.20631e+06 5.3239e+06 -1.69472e+07 7.76538e+06
-5.34593e+06 1.69344e+07 8.24815e+06 5.34593e+06 -1.69344e+07 7.78963e+06
-5.36661e+06 1.69224e+07 8.28871e+06 5.36661e+06 -1.69224e+07 7.81112e+06
-5.38653e+06 1.6911e+07 8.32791e+06 5.38653e+06 -1.6911e+07 7.83167e+06
-5.40585e+06 1.69002e+07 8.3654e+06 5.40585e+06 -1.69002e+07 7.85214e+06
-5.42449e+06 1.689e+07 8.40088e+06 5.42449e+06 -1.689e+07 7.87258e+06
-5.44246e+06 1.688e+07 8.43439e+06 5.44246e+06 -1.688e+07 7.89299e+06
-5.45979e+06 1.68704e+07 8.46608e+06 5.45979e+06 -1.68704e+07 7.9133e+06
-5.47654e+06 1.68614e+07 8.49633e+06 5.47654e+06 -1.68614e+07 7.93329e+06
-5.49264e+06 1.6853e+07 8.52536e+06 5.49264e+06 -1.6853e+07 7.95257e+06
-5.50779e+06 1.68453e+07 8.55247e+06 5.50779e+06 -1.68453e+07 7.9709e+06
-5.52183e+06 1.68379e+07 8.57664e+06 5.52183e+06 -1.68379e+07 7.98884e+06
-5.53509e+06 1.68305e+07 8.59856e+06 5.53509e+06 -1.68305e+07 8.0067e+06
-5.54781e+06 1.68233e+07 8.6189e+06 5.54781e+06 -1.68233e+07 8.02454e+06
-5.56e+06 1.68161e+07 8.63766e+06 5.56e+06 -1.68161e+07 8.04235e+06
-5.57179e+06 1.68089e+07 8.65522e+06 5.57179e+06 -1.68089e+07 8.06014e+06
-5.58335e+06 1.68019e+07 8.67216e+06 5.58335e+06 -1.68019e+07 8.0779e+06
-5.59483e+06 1.67949e+07 8.68885e+06 5.59483e+06 -1.67949e+07 8.09563e+06
-5.60624e+06 1.6788e+07 8.70542e+06 5.60624e+06 -1.6788e+07 8.1133e+06
-5.61761e+06 1.67813e+07 8.7219e+06 5.61761e+06 -1.67813e+07 8.13092e+06
-5.6289e+06 1.67748e+07 8.73821e+06 5.6289e+06 -1.67748e+07 8.14848e+06
-5.64005e+06 1.67683e+07 8.75416e+06 5.64005e+06 -1.67683e+07 8.166e+06
-5.65096e+06 1.67618e+07 8.76941e+06 5.65096e+06 -1.67618e+07 8.18348e+06
-5.66152e+06 1.67555e+07 8.78365e+06 5.66152e+06 -1.67555e+07 8.20092e+06
-5.6718e+06 1.67492e+07 8.79707e+06 5.6718e+06 -1.67492e+07 8.21832e+06
-5.68191e+06 1.6743e+07 8.81008e+06 5.68191e+06 -1.6743e+07 8.23564e+06
-5.69192e+06 1.6737e+07 8.82287e+06 5.69192e+06 -1.6737e+07 8.25289e+06
-5.70184e+06 1.6731e+07 8.83547e+06 5.70184e+06 -1.6731e+07 8.27006e+06
-5.71166e+06 1.6725e+07 8.84783e+06 5.71166e+06 -1.6725e+07 8.28716e+06
-5.72136e+06 1.67192e+07 8.85992e+06 5.72136e+06 -1.67192e+07 8.30416e+06
-5.73091e+06 1.67134e+07 8.87168e+06 5.73091e+06 -1.67134e+07 8.32107e+06
-5.74034e+06 1.67078e+07 8.88313e+06 5.74034e+06 -1.67078e+07 8.33788e+06
-5.74965e+06 1.67022e+07 8.89435e+06 5.74965e+06 -1.67022e+07 8.3546e+06
-5.75887e+06 1.66967e+07 8.9054e+06 5.75887e+06 -1.66967e+07 8.37122e+06
-5.76803e+06 1.66912e+07 8.91635e+06 5.76803e+06 -1.66912e+07 8.38775e+06
-5.77713e+06 1.66857e+07 8.92722e+06 5.77713e+06 -1.66857e+07 8.40418e+06
-5.78617e+06 1.66803e+07 8.938e+06 5.78617e+06 -1.66803e+07 8.4205e+06
-5.79514e+06 1.66749e+07 8.94872e+06 5.79514e+06 -1.66749e+07 8.43671e+06
-5.80407e+06 1.66695e+07 8.95941e+06 5.80407e+06 -1.66695e+07 8.45281e+06
-5.81295e+06 1.66642e+07 8.97008e+06 5.81295e+06 -1.66642e+07 8.46876e+06
-5.82176e+06 1.66589e+07 8.98073e+06 5.82176e+06 -1.66589e+07 8.48456e+06
-5.83052e+06 1.66537e+07 8.99137e+06 5.83052e+06 -1.66537e+07 8.50019e+06
-5.8392e+06 1.66487e+07 9.00199e+06 5.8392e+06 -1.66487e+07 8.51562e+06
-5.84781e+06 1.66437e+07 9.0126e+06 5.84781e+06 -1.66437e+07 8.53083e+06
-5.85635e+06 1.66388e+07 9.0232e+06 5.85635e+06 -1.66388e+07 8.54584e+06
-5.86481e+06 1.6634e+07 9.03378e+06 5.86481e+06 -1.6634e+07 8.56064e+06
-5.8732e+06 1.66292e+07 9.04435e+06 5.8732e+06 -1.66292e+07 8.57524e+06
-5.88153e+06 1.66245e+07 9.05492e+06 5.88153e+06 -1.66245e+07 8.58967e+06
-5.88981e+06 1.66198e+07 9.06547e+06 5.88981e+06 -1.66198e+07 8.60395e+06
-5.89804e+06 1.66152e+07 9.07602e+06 5.89804e+06 -1.66152e+07 8.61809e+06
-5.90622e+06 1.66106e+07 9.08656e+06 5.90622e+06 -1.66106e+07 8.63211e+06
-5.91436e+06 1.6606e+07 9.09709e+06 5.91436e+06 -1.6606e+07 8.64599e+06
-5.92244e+06 1.66014e+07 9.10761e+06 5.92244e+06 -1.66014e+07 8.65971e+06
-5.93043e+06 1.6597e+07 9.11812e+06 5.93043e+06 -1.6597e+07 8.67318e+06
-5.93831e+06 1.65926e+07 9.12861e+06 5.93831e+06 -1.65926e+07 8.68631e+06
-5.94603e+06 1.65883e+07 9.13909e+06 5.94603e+06 -1.65883e+07 8.69899e+06
-5.07924e+06 1.6991e+07 7.55307e+06 5.07924e+06 -1.6991e+07 7.68466e+06
-4.23436e+06 1.73867e+07 6.01534e+06 4.23436e+06 -1.73867e+07 6.68775e+06
-3.42382e+06 1.77714e+07 4.55303e+06 3.42382e+06 -1.77714e+07 5.71841e+06
-2.65647e+06 1.81419e+07 3.18506e+06 2.65647e+06 -1.81419e+07 4.78435e+06
-1.93886e+06 1.8496e+07 1.92482e+06 1.93886e+06 -1.8496e+07 3.89175e+06
-1.27524e+06 1.88319e+07 780496 1.27524e+06 -1.88319e+07 3.04522e+06
-667662 1.91483e+07 -244823 667662 -1.91483e+07 2.24781e+06
-116182 1.94447e+07 -1.15252e+06 116182 -1.94447e+07 1.50106e+06
380703 1.97209e+07 -1.94739e+06 -380703 -1.97209e+07 805279
825321 1.99771e+07 -2.63587e+06 -825321 -1.99771e+07 159908
1.2196e+06 2.02137e+07 -3.22285e+06 -1.2196e+06 -2.02137e+07 -435947
1.56545e+06 2.04313e+07 -3.71276e+06 -1.56545e+06 -2.04313e+07 -983582
1.86775e+06 2.0631e+07 -4.11751e+06 -1.86775e+06 -2.0631e+07 -1.48574e+06
2.13142e+06 2.0814e+07 -4.44885e+06 -2.13142e+06 -2.0814e+07 -1.9454e+06
2.36133e+06 2.09816e+07 -4.71816e+06 -2.36133e+06 -2.09816e+07 -2.36584e+06
2.56253e+06 2.11349e+07 -4.93699e+06 -2.56253e+06 -2.11349e+07 -2.75061e+06
2.73978e+06 2.12753e+07 -5.11631e+06 -2.73978e+06 -2.12753e+07 -3.10302e+06
2.89686e+06 2.14036e+07 -5.26542e+06 -2.89686e+06 -2.14036e+07 -3.42518e+06
3.03622e+06 2.15203e+07 -5.39134e+06 -3.03622e+06 -2.15203e+07 -3.71733e+06
3.15887e+06 2.16259e+07 -5.49658e+06 -3.15887e+06 -2.16259e+07 -3.98003e+06
3.26826e+06 2.17217e+07 -5.58725e+06 -3.26826e+06 -2.17217e+07 -4.21753e+06
3.36696e+06 2.18088e+07 -5.66835e+06 -3.36696e+06 -2.18088e+07 -4.43252e+06
3.45633e+06 2.18877e+07 -5.74225e+06 -3.45633e+06 -2.18877e+07 -4.62675e+06
3.53749e+06 2.19591e+07 -5.81063e+06 -3.53749e+06 -2.19591e+07 -4.80186e+06
3.6114e+06 2.20236e+07 -5.87467e+06 -3.6114e+06 -2.20236e+07 -4.95952e+06
3.67889e+06 2.20818e+07 -5.93524e+06 -3.67889e+06 -2.20818e+07 -5.10143e+06
3.74074e+06 2.21344e+07 -5.99299e+06 -3.74074e+06 -2.21344e+07 -5.22924e+06
3.79762e+06 2.2182e+07 -6.04839e+06 -3.79762e+06 -2.2182e+07 -5.34447e+06
3.84971e+06 2.22248e+07 -6.10179e+06 -3.84971e+06 -2.22248e+07 -5.44735e+06
3.89754e+06 2.22629e+07 -6.15346e+06 -3.89754e+06 -2.22629e+07 -5.53917e+06
3.94204e+06 2.22975e+07 -6.20367e+06 -3.94204e+06 -2.22975e+07 -5.62245e+06
3.9837e+06 2.2329e+07 -6.25258e+06 -3.9837e+06 -2.2329e+07 -5.69853e+06
4.02295e+06 2.2358e+07 -6.30034e+06 -4.02295e+06 -2.2358e+07 -5.76851e+06
4.06013e+06 2.23848e+07 -6.34705e+06 -4.06013e+06 -2.23848e+07 -5.83333e+06
4.09553e+06 2.24097e+07 -6.39281e+06 -4.09553e+06 -2.24097e+07 -5.89379e+06
4.1294e+06 2.24329e+07 -6.43768e+06 -4.1294e+06 -2.24329e+07 -5.95051e+06
4.16192e+06 2.24549e+07 -6.48172e+06 -4.16192e+06 -2.24549e+07 -6.00405e+06
4.19327e+06 2.24756e+07 -6.52497e+06 -4.19327e+06 -2.24756e+07 -6.05483e+06
4.22356e+06 2.24952e+07 -6.56747e+06 -4.22356e+06 -2.24952e+07 -6.10321e+06
4.25291e+06 2.2514e+07 -6.60925e+06 -4.25291e+06 -2.2514e+07 -6.14948e+06
4.2814e+06 2.25319e+07 -6.65033e+06 -4.2814e+06 -2.25319e+07 -6.19388e+06
4.30912e+06 2.25492e+07 -6.69073e+06 -4.30912e+06 -2.25492e+07 -6.23663e+06
4.33611e+06 2.25658e+07 -6.73047e+06 -4.33611e+06 -2.25658e+07 -6.27787e+06
4.36243e+06 2.25818e+07 -6.76954e+06 -4.36243e+06 -2.25818e+07 -6.31775e+06
4.38812e+06 2.25973e+07 -6.80797e+06 -4.38812e+06 -2.25973e+07 -6.35639e+06
4.41321e+06 2.26123e+07 -6.84573e+06 -4.41321e+06 -2.26123e+07 -6.39389e+06
4.43771e+06 2.26269e+07 -6.8828e+06 -4.43771e+06 -2.26269e+07 -6.43033e+06
4.46163e+06 2.2641e+07 -6.9191e+06 -4.46163e+06 -2.2641e+07 -6.46578e+06
4.48495e+06 2.26548e+07 -6.95454e+06 -4.48495e+06 -2.26548e+07 -6.50032e+06
4.50771e+06 2.26682e+07 -6.98913e+06 -4.50771e+06 -2.26682e+07 -6.53399e+06
4.52993e+06 2.26813e+07 -7.02293e+06 -4.52993e+06 -2.26813e+07 -6.56686e+06
4.55166e+06 2.2694e+07 -7.05601e+06 -4.55166e+06 -2.2694e+07 -6.59896e+06
4.57291e+06 2.27065e+07 -7.08839e+06 -4.57291e+06 -2.27065e+07 -6.63033e+06
4.5937e+06 2.27187e+07 -7.12011e+06 -4.5937e+06 -2.27187e+07 -6.66101e+06
4.61406e+06 2.27306e+07 -7.15115e+06 -4.61406e+06 -2.27306e+07 -6.69102e+06
4.63398e+06 2.27423e+07 -7.18154e+06 -4.63398e+06 -2.27423e+07 -6.72039e+06
4.65348e+06 2.27537e+07 -7.21128e+06 -4.65348e+06 -2.27537e+07 -6.74916e+06
4.67258e+06 2.27649e+07 -7.24039e+06 -4.67258e+06 -2.27649e+07 -6.77736e+06
4.69129e+06 2.27759e+07 -7.26887e+06 -4.69129e+06 -2.27759e+07 -6.805e+06
4.70962e+06 2.27866e+07 -7.29674e+06 -4.70962e+06 -2.27866e+07 -6.83211e+06
4.72758e+06 2.27972e+07 -7.32401e+06 -4.72758e+06 -2.27972e+07 -6.85872e+06
4.74518e+06 2.28076e+07 -7.3507e+06 -4.74518e+06 -2.28076e+07 -6.88485e+06
4.76245e+06 2.28177e+07 -7.37682e+06 -4.76245e+06 -2.28177e+07 -6.91052e+06
4.77937e+06 2.28277e+07 -7.40238e+06 -4.77937e+06 -2.28277e+07 -6.93573e+06
4.79596e+06 2.28376e+07 -7.42741e+06 -4.79596e+06 -2.28376e+07 -6.96047e+06
4.81223e+06 2.28472e+07 -7.45191e+06 -4.81223e+06 -2.28472e+07 -6.98479e+06
4.82821e+06 2.28567e+07 -7.4759e+06 -4.82821e+06 -2.28567e+07 -7.00871e+06
4.84389e+06 2.28661e+07 -7.49941e+06 -4.84389e+06 -2.28661e+07 -7.03226e+06
4.85929e+06 2.28753e+07 -7.52243e+06 -4.85929e+06 -2.28753e+07 -7.05544e+06
4.87443e+06 2.28843e+07 -7.545e+06 -4.87443e+06 -2.28843e+07 -7.07829e+06
4.88931e+06 2.28933e+07 -7.56712e+06 -4.88931e+06 -2.28933e+07 -7.1008e+06
4.90394e+06 2.29021e+07 -7.58881e+06 -4.90394e+06 -2.29021e+07 -7.123e+06
4.91833e+06 2.29108e+07 -7.61009e+06 -4.91833e+06 -2.29108e+07 -7.1449e+06
4.93249e+06 2.29194e+07 -7.63096e+06 -4.93249e+06 -2.29194e+07 -7.1665e+06
4.94643e+06 2.29278e+07 -7.65145e+06 -4.94643e+06 -2.29278e+07 -7.18783e+06
4.96015e+06 2.29362e+07 -7.67157e+06 -4.96015e+06 -2.29362e+07 -7.2089e+06
4.97368e+06 2.29444e+07 -7.69133e+06 -4.97368e+06 -2.29444e+07 -7.2297e+06
4.987e+06 2.29526e+07 -7.71074e+06 -4.987e+06 -2.29526e+07 -7.25026e+06
5.00013e+06 2.29607e+07 -7.72983e+06 -5.00013e+06 -2.29607e+07 -7.27057e+06
5.01308e+06 2.29686e+07 -7.74859e+06 -5.01308e+06 -2.29686e+07 -7.29066e+06
5.02586e+06 2.29765e+07 -7.76705e+06 -5.02586e+06 -2.29765e+07 -7.31052e+06
5.03846e+06 2.29843e+07 -7.78522e+06 -5.03846e+06 -2.29843e+07 -7.33017e+06
5.0509e+06 2.29921e+07 -7.8031e+06 -5.0509e+06 -2.29921e+07 -7.34961e+06
5.06318e+06 2.29997e+07 -7.82071e+06 -5.06318e+06 -2.29997e+07 -7.36884e+06
5.07531e+06 2.30073e+07 -7.83807e+06 -5.07531e+06 -2.30073e+07 -7.38787e+06
5.0873e+06 2.30148e+07 -7.85518e+06 -5.0873e+06 -2.30148e+07 -7.40672e+06
5.09914e+06 2.30222e+07 -7.87205e+06 -5.09914e+06 -2.30222e+07 -7.42538e+06
5.11085e+06 2.30295e+07 -7.88871e+06 -5.11085e+06 -2.30295e+07 -7.44385e+06
5.12243e+06 2.30368e+07 -7.90514e+06 -5.12243e+06 -2.30368e+07 -7.46215e+06
5.13388e+06 2.30441e+07 -7.92137e+06 -5.13388e+06 -2.30441e+07 -7.48028e+06
5.14522e+06 2.30512e+07 -7.9374e+06 -5.14522e+06 -2.30512e+07 -7.49824e+06
5.15643e+06 2.30583e+07 -7.95324e+06 -5.15643e+06 -2.30583e+07 -7.51604e+06
5.16753e+06 2.30653e+07 -7.9689e+06 -5.16753e+06 -2.30653e+07 -7.53368e+06
5.17852e+06 2.30723e+07 -7.98438e+06 -5.17852e+06 -2.30723e+07 -7.55116e+06
5.1894e+06 2.30792e+07 -7.9997e+06 -5.1894e+06 -2.30792e+07 -7.5685e+06
5.20018e+06 2.30861e+07 -8.01485e+06 -5.20018e+06 -2.30861e+07 -7.58568e+06
5.21085e+06 2.30929e+07 -8.02984e+06 -5.21085e+06 -2.30929e+07 -7.60272e+06
5.22143e+06 2.30997e+07 -8.04468e+06 -5.22143e+06 -2.30997e+07 -7.6196e+06
5.23191e+06 2.31064e+07 -8.05938e+06 -5.23191e+06 -2.31064e+07 -7.63634e+06
5.24229e+06 2.3113e+07 -8.07394e+06 -5.24229e+06 -2.3113e+07 -7.65292e+06
5.25255e+06 2.31196e+07 -8.08836e+06 -5.25255e+06 -2.31196e+07 -7.66931e+06
5.2627e+06 2.31261e+07 -8.10265e+06 -5.2627e+06 -2.31261e+07 -7.68545e+06
5.2727e+06 2.31325e+07 -8.11682e+06 -5.2727e+06 -2.31325e+07 -7.70128e+06
5.28255e+06 2.31388e+07 -8.13086e+06 -5.28255e+06 -2.31388e+07 -7.71679e+06
5.29228e+06 2.3145e+07 -8.14479e+06 -5.29228e+06 -2.3145e+07 -7.73203e+06
5.30189e+06 2.31512e+07 -8.15861e+06 -5.30189e+06 -2.31512e+07 -7.74707e+06
5.31142e+06 2.31572e+07 -8.17232e+06 -5.31142e+06 -2.31572e+07 -7.76193e+06
5.32085e+06 2.31633e+07 -8.18592e+06 -5.32085e+06 -2.31633e+07 -7.77663e+06
5.3302e+06 2.31692e+07 -8.19942e+06 -5.3302e+06 -2.31692e+07 -7.79118e+06
5.33947e+06 2.31751e+07 -8.21282e+06 -5.33947e+06 -2.31751e+07 -7.80558e+06
5.34865e+06 2.3181e+07 -8.22613e+06 -5.34865e+06 -2.3181e+07 -7.81984e+06
5.35776e+06 2.31868e+07 -8.23934e+06 -5.35776e+06 -2.31868e+07 -7.83395e+06
5.3668e+06 2.31925e+07 -8.25246e+06 -5.3668e+06 -2.31925e+07 -7.84793e+06
5.37575e+06 2.31982e+07 -8.2655e+06 -5.37575e+06 -2.31982e+07 -7.86176e+06
5.38464e+06 2.32038e+07 -8.27845e+06 -5.38464e+06 -2.32038e+07 -7.87547e+06
5.39346e+06 2.32094e+07 -8.29132e+06 -5.39346e+06 -2.32094e+07 -7.88905e+06
5.4022e+06 2.3215e+07 -8.30412e+06 -5.4022e+06 -2.3215e+07 -7.9025e+06
5.41089e+06 2.32205e+07 -8.31684e+06 -5.41089e+06 -2.32205e+07 -7.91582e+06
5.4195e+06 2.3226e+07 -8.32948e+06 -5.4195e+06 -2.3226e+07 -7.92902e+06
5.42805e+06 2.32314e+07 -8.34206e+06 -5.42805e+06 -2.32314e+07 -7.94211e+06
4.56298e+06 2.28284e+07 -6.76059e+06 -4.56298e+06 -2.28284e+07 -6.92836e+06
3.72271e+06 2.24333e+07 -5.23341e+06 -3.72271e+06 -2.24333e+07 -5.93473e+06
2.92004e+06 2.20505e+07 -3.78776e+06 -2.92004e+06 -2.20505e+07 -4.97237e+06
2.16413e+06 2.16833e+07 -2.44268e+06 -2.16413e+06 -2.16833e+07 -4.04973e+06
1.46111e+06 2.13341e+07 -1.21036e+06 -1.46111e+06 -2.13341e+07 -3.17297e+06
814563 2.10045e+07 -97472.1 -814563 -2.10045e+07 -2.34622e+06
225633 2.06955e+07 894689 -225633 -2.06955e+07 -1.57159e+06
-306638 2.04071e+07 1.76939e+06 306638 -2.04071e+07 -849482
-784817 2.01392e+07 2.5334e+06 784817 -2.01392e+07 -178949
-1.21253e+06 1.98909e+07 3.19574e+06 1.21253e+06 -1.98909e+07 441861
-1.59403e+06 1.96614e+07 3.76667e+06 1.59403e+06 -1.96614e+07 1.01541e+06
-1.93373e+06 1.94495e+07 4.25675e+06 1.93373e+06 -1.94495e+07 1.54445e+06
-2.23602e+06 1.92542e+07 4.67623e+06 2.23602e+06 -1.92542e+07 2.03182e+06
-2.505e+06 1.90744e+07 5.03465e+06 2.505e+06 -1.90744e+07 2.48034e+06
-2.74446e+06 1.8909e+07 5.34065e+06 2.74446e+06 -1.8909e+07 2.89273e+06
-2.95781e+06 1.8757e+07 5.60192e+06 2.95781e+06 -1.8757e+07 3.27149e+06
-3.14814e+06 1.86175e+07 5.82526e+06 3.14814e+06 -1.86175e+07 3.61917e+06
-3.31825e+06 1.84895e+07 6.01664e+06 3.31825e+06 -1.84895e+07 3.93811e+06
-3.47062e+06 1.83721e+07 6.18131e+06 3.47062e+06 -1.83721e+07 4.23053e+06
-3.60746e+06 1.82646e+07 6.32386e+06 3.60746e+06 -1.82646e+07 4.49853e+06
-3.73075e+06 1.81661e+07 6.44821e+06 3.73075e+06 -1.81661e+07 4.74405e+06
-3.84218e+06 1.80759e+07 6.55769e+06 3.84218e+06 -1.80759e+07 4.96884e+06
-3.94319e+06 1.79934e+07 6.65504e+06 3.94319e+06 -1.79934e+07 5.17452e+06
-4.03503e+06 1.7918e+07 6.7425e+06 4.03503e+06 -1.7918e+07 5.3626e+06
-4.11879e+06 1.78491e+07 6.82187e+06 4.11879e+06 -1.78491e+07 5.53449e+06
-4.19537e+06 1.77862e+07 6.8946e+06 4.19537e+06 -1.77862e+07 5.69152e+06
-4.2656e+06 1.77286e+07 6.96183e+06 4.2656e+06 -1.77286e+07 5.83498e+06
-4.33018e+06 1.7676e+07 7.02448e+06 4.33018e+06 -1.7676e+07 5.96607e+06
-4.38974e+06 1.76279e+07 7.08329e+06 4.38974e+06 -1.76279e+07 6.08593e+06
-4.44483e+06 1.75838e+07 7.13883e+06 4.44483e+06 -1.75838e+07 6.19565e+06
-4.49594e+06 1.75434e+07 7.19158e+06 4.49594e+06 -1.75434e+07 6.29622e+06
-4.54351e+06 1.75063e+07 7.24193e+06 4.54351e+06 -1.75063e+07 6.38858e+06
-4.58793e+06 1.74721e+07 7.29019e+06 4.58793e+06 -1.74721e+07 6.47359e+06
-4.62955e+06 1.74405e+07 7.3366e+06 4.62955e+06 -1.74405e+07 6.55204e+06
-4.66867e+06 1.74113e+07 7.38139e+06 4.66867e+06 -1.74113e+07 6.62463e+06
-4.70558e+06 1.73841e+07 7.42472e+06 4.70558e+06 -1.73841e+07 6.69201e+06
-4.7405e+06 1.73589e+07 7.46675e+06 4.7405e+06 -1.73589e+07 6.75474e+06
-4.77364e+06 1.73353e+07 7.50758e+06 4.77364e+06 -1.73353e+07 6.81335e+06
-4.8052e+06 1.73131e+07 7.54733e+06 4.8052e+06 -1.73131e+07 6.86828e+06
-4.83534e+06 1.72923e+07 7.58608e+06 4.83534e+06 -1.72923e+07 6.91993e+06
-4.86418e+06 1.72727e+07 7.6239e+06 4.86418e+06 -1.72727e+07 6.96865e+06
-4.89185e+06 1.72541e+07 7.66081e+06 4.89185e+06 -1.72541e+07 7.01475e+06
-4.91843e+06 1.72365e+07 7.69677e+06 4.91843e+06 -1.72365e+07 7.05851e+06
-4.94397e+06 1.72197e+07 7.73172e+06 4.94397e+06 -1.72197e+07 7.10018e+06
-4.96857e+06 1.72037e+07 7.76578e+06 4.96857e+06 -1.72037e+07 7.13995e+06
-4.99235e+06 1.71884e+07 7.79906e+06 4.99235e+06 -1.71884e+07 7.17799e+06
-5.01536e+06 1.71737e+07 7.83162e+06 5.01536e+06 -1.71737e+07 7.21446e+06
-5.03767e+06 1.71596e+07 7.86349e+06 5.03767e+06 -1.71596e+07 7.24951e+06
-5.05932e+06 1.7146e+07 7.8947e+06 5.05932e+06 -1.7146e+07 7.28327e+06
-5.08037e+06 1.71329e+07 7.92526e+06 5.08037e+06 -1.71329e+07 7.31585e+06
-5.10085e+06 1.71202e+07 7.9552e+06 5.10085e+06 -1.71202e+07 7.34734e+06
-5.12079e+06 1.71079e+07 7.98453e+06 5.12079e+06 -1.71079e+07 7.37784e+06
-5.14023e+06 1.7096e+07 8.01327e+06 5.14023e+06 -1.7096e+07 7.40743e+06
-5.1592e+06 1.70845e+07 8.04144e+06 5.1592e+06 -1.70845e+07 7.43616e+06
-5.17772e+06 1.70732e+07 8.06905e+06 5.17772e+06 -1.70732e+07 7.46412e+06
-5.19582e+06 1.70623e+07 8.09611e+06 5.19582e+06 -1.70623e+07 7.49135e+06
-5.21351e+06 1.70516e+07 8.12264e+06 5.21351e+06 -1.70516e+07 7.5179e+06
-5.23082e+06 1.70412e+07 8.14866e+06 5.23082e+06 -1.70412e+07 7.54382e+06
-5.24777e+06 1.7031e+07 8.17417e+06 5.24777e+06 -1.7031e+07 7.56915e+06
-5.26437e+06 1.70211e+07 8.19919e+06 5.26437e+06 -1.70211e+07 7.59393e+06
-5.28064e+06 1.70114e+07 8.22374e+06 5.28064e+06 -1.70114e+07 7.61819e+06
-5.2966e+06 1.70018e+07 8.24782e+06 5.2966e+06 -1.70018e+07 7.64197e+06
-5.31225e+06 1.69925e+07 8.27145e+06 5.31225e+06 -1.69925e+07 7.66529e+06
-5.32761e+06 1.69833e+07 8.29464e+06 5.32761e+06 -1.69833e+07 7.68819e+06
-5.34269e+06 1.69743e+07 8.31741e+06 5.34269e+06 -1.69743e+07 7.71067e+06
-5.35751e+06 1.69654e+07 8.33976e+06 5.35751e+06 -1.69654e+07 7.73277e+06
-5.37208e+06 1.69567e+07 8.36171e+06 5.37208e+06 -1.69567e+07 7.75451e+06
-5.38639e+06 1.69481e+07 8.38327e+06 5.38639e+06 -1.69481e+07 7.77591e+06
-5.40048e+06 1.69397e+07 8.40446e+06 5.40048e+06 -1.69397e+07 7.79698e+06
-5.41434e+06 1.69314e+07 8.42528e+06 5.41434e+06 -1.69314e+07 7.81774e+06
-5.42798e+06 1.69232e+07 8.44574e+06 5.42798e+06 -1.69232e+07 7.83821e+06
-5.44142e+06 1.69152e+07 8.46587e+06 5.44142e+06 -1.69152e+07 7.8584e+06
-5.45466e+06 1.69072e+07 8.48565e+06 5.45466e+06 -1.69072e+07 7.87832e+06
-5.4677e+06 1.68994e+07 8.50512e+06 5.4677e+06 -1.68994e+07 7.89797e+06
-5.48056e+06 1.68917e+07 8.52428e+06 5.48056e+06 -1.68917e+07 7.91739e+06
-5.49323e+06 1.68841e+07 8.54313e+06 5.49323e+06 -1.68841e+07 7.93657e+06
-5.50574e+06 1.68766e+07 8.5617e+06 5.50574e+06 -1.68766e+07 7.95552e+06
-5.51808e+06 1.68692e+07 8.57998e+06 5.51808e+06 -1.68692e+07 7.97426e+06
-5.53026e+06 1.68619e+07 8.598e+06 5.53026e+06 -1.68619e+07 7.99279e+06
-5.54229e+06 1.68547e+07 8.61575e+06 5.54229e+06 -1.68547e+07 8.01111e+06
-5.55416e+06 1.68476e+07 8.63325e+06 5.55416e+06 -1.68476e+07 8.02923e+06
-5.56588e+06 1.68405e+07 8.6505e+06 5.56588e+06 -1.68405e+07 8.04714e+06
-5.57745e+06 1.68335e+07 8.66752e+06 5.57745e+06 -1.68335e+07 8.06485e+06
-5.58888e+06 1.68266e+07 8.68431e+06 5.58888e+06 -1.68266e+07 8.08233e+06
-5.60015e+06 1.68198e+07 8.70087e+06 5.60015e+06 -1.68198e+07 8.09957e+06
-5.61127e+06 1.68131e+07 8.71723e+06 5.61127e+06 -1.68131e+07 8.11657e+06
-5.62225e+06 1.68065e+07 8.73338e+06 5.62225e+06 -1.68065e+07 8.13336e+06
-5.63309e+06 1.67999e+07 8.74932e+06 5.63309e+06 -1.67999e+07 8.14995e+06
-5.64381e+06 1.67934e+07 8.76508e+06 5.64381e+06 -1.67934e+07 8.16636e+06
-5.65442e+06 1.6787e+07 8.78065e+06 5.65442e+06 -1.6787e+07 8.1826e+06
-5.6649e+06 1.67807e+07 8.79604e+06 5.6649e+06 -1.67807e+07 8.19867e+06
-5.67528e+06 1.67744e+07 8.81126e+06 5.67528e+06 -1.67744e+07 8.21458e+06
-5.68554e+06 1.67682e+07 8.82631e+06 5.68554e+06 -1.67682e+07 8.23033e+06
-5.6957e+06 1.6762e+07 8.84119e+06 5.6957e+06 -1.6762e+07 8.24592e+06
-5.70576e+06 1.67559e+07 8.85592e+06 5.70576e+06 -1.67559e+07 8.26136e+06
-5.71572e+06 1.67499e+07 8.8705e+06 5.71572e+06 -1.67499e+07 8.27665e+06
-5.72558e+06 1.67439e+07 8.88493e+06 5.72558e+06 -1.67439e+07 8.29179e+06
-5.73534e+06 1.6738e+07 8.89922e+06 5.73534e+06 -1.6738e+07 8.30679e+06
-5.74501e+06 1.67322e+07 8.91338e+06 5.74501e+06 -1.67322e+07 8.32164e+06
-5.75458e+06 1.67264e+07 8.9274e+06 5.75458e+06 -1.67264e+07 8.33635e+06
-5.76407e+06 1.67206e+07 8.94129e+06 5.76407e+06 -1.67206e+07 8.35092e+06
-5.77347e+06 1.67149e+07 8.95506e+06 5.77347e+06 -1.67149e+07 8.36535e+06
-5.78279e+06 1.67093e+07 8.96871e+06 5.78279e+06 -1.67093e+07 8.37965e+06
-5.79202e+06 1.67037e+07 8.98224e+06 5.79202e+06 -1.67037e+07 8.39381e+06
-5.80116e+06 1.66982e+07 8.99566e+06 5.80116e+06 -1.66982e+07 8.40784e+06
-5.81023e+06 1.66927e+07 9.00897e+06 5.81023e+06 -1.66927e+07 8.42173e+06
-5.81922e+06 1.66873e+07 9.02217e+06 5.81922e+06 -1.66873e+07 8.4355e+06
-5.82814e+06 1.66819e+07 9.03527e+06 5.82814e+06 -1.66819e+07 8.44914e+06
-5.83697e+06 1.66766e+07 9.04827e+06 5.83697e+06 -1.66766e+07 8.46265e+06
-5.84574e+06 1.66713e+07 9.06118e+06 5.84574e+06 -1.66713e+07 8.47603e+06
-5.85443e+06 1.66661e+07 9.07399e+06 5.85443e+06 -1.66661e+07 8.48929e+06
-5.86305e+06 1.66609e+07 9.08672e+06 5.86305e+06 -1.66609e+07 8.50243e+06
-5.8716e+06 1.66558e+07 9.09935e+06 5.8716e+06 -1.66558e+07 8.51545e+06
-5.88008e+06 1.66507e+07 9.1119e+06 5.88008e+06 -1.66507e+07 8.52834e+06
-5.8885e+06 1.66457e+07 9.12437e+06 5.8885e+06 -1.66457e+07 8.54112e+06
-5.89685e+06 1.66407e+07 9.13676e+06 5.89685e+06 -1.66407e+07 8.55378e+06
-5.90513e+06 1.66357e+07 9.14907e+06 5.90513e+06 -1.66357e+07 8.56633e+06
-5.91335e+06 1.66308e+07 9.1613e+06 5.91335e+06 -1.66308e+07 8.57876e+06
-5.92151e+06 1.66259e+07 9.17346e+06 5.92151e+06 -1.66259e+07 8.59108e+06
-5.92961e+06 1.66211e+07 9.18555e+06 5.92961e+06 -1.66211e+07 8.60329e+06
-5.93765e+06 1.66163e+07 9.19757e+06 5.93765e+06 -1.66163e+07 8.61539e+06
-5.94563e+06 1.66116e+07 9.20953e+06 5.94563e+06 -1.66116e+07 8.62737e+06
-5.95356e+06 1.66069e+07 9.22142e+06 5.95356e+06 -1.66069e+07 8.63926e+06
-5.96143e+06 1.66022e+07 9.23324e+06 5.96143e+06 -1.66022e+07 8.65104e+06
-5.96924e+06 1.65976e+07 9.24501e+06 5.96924e+06 -1.65976e+07 8.66271e+06
-5.977e+06 1.6593e+07 9.25671e+06 5.977e+06 -1.6593e+07 8.67428e+06
-5.9847e+06 1.65884e+07 9.26836e+06 5.9847e+06 -1.65884e+07 8.68575e+06
-5.99236e+06 1.65839e+07 9.27995e+06 5.99236e+06 -1.65839e+07 8.69712e+06
-5.99996e+06 1.65794e+07 9.29149e+06 5.99996e+06 -1.65794e+07 8.7084e+06
-6.00751e+06 1.6575e+07 9.30297e+06 6.00751e+06 -1.6575e+07 8.71957e+06
-6.01502e+06 1.65706e+07 9.3144e+06 6.01502e+06 -1.65706e+07 8.73066e+06
-6.02247e+06 1.65662e+07 9.32578e+06 6.02247e+06 -1.65662e+07 8.74164e+06
-6.02988e+06 1.65619e+07 9.33711e+06 6.02988e+06 -1.65619e+07 8.75254e+06
-6.03724e+06 1.65576e+07 9.34839e+06 6.03724e+06 -1.65576e+07 8.76334e+06
-6.04456e+06 1.65533e+07 9.35963e+06 6.04456e+06 -1.65533e+07 8.77405e+06
-6.05183e+06 1.65491e+07 9.37082e+06 6.05183e+06 -1.65491e+07 8.78467e+06
-6.05905e+06 1.65449e+07 9.38196e+06 6.05905e+06 -1.65449e+07 8.7952e+06
-6.06623e+06 1.65408e+07 9.39306e+06 6.06623e+06 -1.65408e+07 8.80564e+06
-6.07337e+06 1.65366e+07 9.40412e+06 6.07337e+06 -1.65366e+07 8.81599e+06
-6.08046e+06 1.65325e+07 9.41514e+06 6.08046e+06 -1.65325e+07 8.82625e+06
-6.08751e+06 1.65285e+07 9.42612e+06 6.08751e+06 -1.65285e+07 8.83642e+06
-6.09452e+06 1.65245e+07 9.43705e+06 6.09452e+06 -1.65245e+07 8.8465e+06
-6.10148e+06 1.65205e+07 9.44795e+06 6.10148e+06 -1.65205e+07 8.85649e+06
-6.1084e+06 1.65166e+07 9.45881e+06 6.1084e+06 -1.65166e+07 8.86639e+06
-6.11528e+06 1.65127e+07 9.46963e+06 6.11528e+06 -1.65127e+07 8.8762e+06
-6.12211e+06 1.65088e+07 9.48042e+06 6.12211e+06 -1.65088e+07 8.88591e+06
-6.1289e+06 1.6505e+07 9.49117e+06 6.1289e+06 -1.6505e+07 8.89553e+06
-6.13565e+06 1.65011e+07 9.50188e+06 6.13565e+06 -1.65011e+07 8.90506e+06
-6.14235e+06 1.64974e+07 9.51256e+06 6.14235e+06 -1.64974e+07 8.9145e+06
-6.14902e+06 1.64936e+07 9.52321e+06 6.14902e+06 -1.64936e+07 8.92384e+06
-6.15563e+06 1.64899e+07 9.53382e+06 6.15563e+06 -1.64899e+07 8.93308e+06
-6.16221e+06 1.64862e+07 9.5444e+06 6.16221e+06 -1.64862e+07 8.94222e+06
-6.16874e+06 1.64825e+07 9.55495e+06 6.16874e+06 -1.64825e+07 8.95126e+06
-6.17522e+06 1.64789e+07 9.56546e+06 6.17522e+06 -1.64789e+07 8.9602e+06
-6.18166e+06 1.64753e+07 9.57595e+06 6.18166e+06 -1.64753e+07 8.96902e+06
-6.18805e+06 1.64717e+07 9.5864e+06 6.18805e+06 -1.64717e+07 8.97774e+06
-6.19439e+06 1.64681e+07 9.59682e+06 6.19439e+06 -1.64681e+07 8.98635e+06
-6.20069e+06 1.64646e+07 9.60722e+06 6.20069e+06 -1.64646e+07 8.99485e+06
-6.20695e+06 1.64611e+07 9.61759e+06 6.20695e+06 -1.64611e+07 9.00325e+06
-6.21316e+06 1.64576e+07 9.62792e+06 6.21316e+06 -1.64576e+07 9.01156e+06
-5.34716e+06 1.68599e+07 8.0427e+06 5.34716e+06 -1.68599e+07 7.99877e+06
-4.50842e+06 1.72529e+07 6.51544e+06 4.50842e+06 -1.72529e+07 7.00982e+06
-3.71017e+06 1.76319e+07 5.0734e+06 3.71017e+06 -1.76319e+07 6.0571e+06
-2.96117e+06 1.79934e+07 3.73436e+06 2.96117e+06 -1.79934e+07 5.14916e+06
-2.26697e+06 1.83353e+07 2.50927e+06 2.26697e+06 -1.83353e+07 4.29163e+06
-1.63041e+06 1.86562e+07 1.40356e+06 1.63041e+06 -1.86562e+07 3.48768e+06
-1.05235e+06 1.89556e+07 418534 1.05235e+06 -1.89556e+07 2.7385e+06
-531183 1.92338e+07 -449808 531183 -1.92338e+07 2.04336e+06
-63297.6 1.94916e+07 -1.21005e+06 63297.6 -1.94916e+07 1.39994e+06
355555 1.97302e+07 -1.87204e+06 -355555 -1.97302e+07 805373
729889 1.99506e+07 -2.44614e+06 -729889 -1.99506e+07 256475
1.06422e+06 2.01543e+07 -2.94267e+06 -1.06422e+06 -2.01543e+07 -249992
1.36285e+06 2.03422e+07 -3.37137e+06 -1.36285e+06 -2.03422e+07 -717194
1.62984e+06 2.05158e+07 -3.74129e+06 -1.62984e+06 -2.05158e+07 -1.14823e+06
1.86864e+06 2.0676e+07 -4.06009e+06 -1.86864e+06 -2.0676e+07 -1.54582e+06
2.08223e+06 2.08239e+07 -4.33423e+06 -2.08223e+06 -2.08239e+07 -1.91246e+06
2.27365e+06 2.09603e+07 -4.57029e+06 -2.27365e+06 -2.09603e+07 -2.25066e+06
2.4457e+06 2.10863e+07 -4.77429e+06 -2.4457e+06 -2.10863e+07 -2.56282e+06
2.60076e+06 2.12026e+07 -4.95123e+06 -2.60076e+06 -2.12026e+07 -2.85105e+06
2.74091e+06 2.13099e+07 -5.10543e+06 -2.74091e+06 -2.13099e+07 -3.11729e+06
2.86795e+06 2.14091e+07 -5.24055e+06 -2.86795e+06 -2.14091e+07 -3.3633e+06
2.98317e+06 2.15007e+07 -5.35907e+06 -2.98317e+06 -2.15007e+07 -3.59044e+06
3.08816e+06 2.15852e+07 -5.46408e+06 -3.08816e+06 -2.15852e+07 -3.80039e+06
3.18417e+06 2.16634e+07 -5.55796e+06 -3.18417e+06 -2.16634e+07 -3.99455e+06
3.27229e+06 2.17356e+07 -5.64266e+06 -3.27229e+06 -2.17356e+07 -4.1742e+06
3.35344e+06 2.18025e+07 -5.71981e+06 -3.35344e+06 -2.18025e+07 -4.34049e+06
3.42841e+06 2.18643e+07 -5.79076e+06 -3.42841e+06 -2.18643e+07 -4.49448e+06
3.4979e+06 2.19215e+07 -5.85657e+06 -3.4979e+06 -2.19215e+07 -4.63712e+06
3.56249e+06 2.19745e+07 -5.91813e+06 -3.56249e+06 -2.19745e+07 -4.76933e+06
3.62268e+06 2.20236e+07 -5.97612e+06 -3.62268e+06 -2.20236e+07 -4.89193e+06
3.67892e+06 2.20692e+07 -6.0311e+06 -3.67892e+06 -2.20692e+07 -5.00567e+06
3.7316e+06 2.21114e+07 -6.08352e+06 -3.7316e+06 -2.21114e+07 -5.11128e+06
3.78105e+06 2.21506e+07 -6.13373e+06 -3.78105e+06 -2.21506e+07 -5.20943e+06
3.82758e+06 2.2187e+07 -6.18203e+06 -3.82758e+06 -2.2187e+07 -5.30072e+06
3.87146e+06 2.22209e+07 -6.22864e+06 -3.87146e+06 -2.22209e+07 -5.38574e+06
3.91293e+06 2.22525e+07 -6.27376e+06 -3.91293e+06 -2.22525e+07 -5.46502e+06
3.9522e+06 2.2282e+07 -6.31754e+06 -3.9522e+06 -2.2282e+07 -5.53906e+06
3.98948e+06 2.23096e+07 -6.36011e+06 -3.98948e+06 -2.23096e+07 -5.60832e+06
4.02494e+06 2.23354e+07 -6.40158e+06 -4.02494e+06 -2.23354e+07 -5.67323e+06
4.05874e+06 2.23597e+07 -6.44204e+06 -4.05874e+06 -2.23597e+07 -5.73417e+06
4.09103e+06 2.23825e+07 -6.48157e+06 -4.09103e+06 -2.23825e+07 -5.79151e+06
4.12193e+06 2.24039e+07 -6.52022e+06 -4.12193e+06 -2.24039e+07 -5.84557e+06
4.15157e+06 2.24243e+07 -6.55805e+06 -4.15157e+06 -2.24243e+07 -5.89666e+06
4.18005e+06 2.24435e+07 -6.59511e+06 -4.18005e+06 -2.24435e+07 -5.94504e+06
4.20747e+06 2.24617e+07 -6.63144e+06 -4.20747e+06 -2.24617e+07 -5.99097e+06
4.23391e+06 2.24791e+07 -6.66706e+06 -4.23391e+06 -2.24791e+07 -6.03466e+06
4.25945e+06 2.24956e+07 -6.70202e+06 -4.25945e+06 -2.24956e+07 -6.07632e+06
4.28415e+06 2.25114e+07 -6.73633e+06 -4.28415e+06 -2.25114e+07 -6.11613e+06
4.30809e+06 2.25266e+07 -6.77003e+06 -4.30809e+06 -2.25266e+07 -6.15425e+06
4.33132e+06 2.25411e+07 -6.80312e+06 -4.33132e+06 -2.25411e+07 -6.19083e+06
4.35388e+06 2.25551e+07 -6.83563e+06 -4.35388e+06 -2.25551e+07 -6.22601e+06
4.37582e+06 2.25685e+07 -6.86757e+06 -4.37582e+06 -2.25685e+07 -6.25989e+06
4.39718e+06 2.25815e+07 -6.89895e+06 -4.39718e+06 -2.25815e+07 -6.29259e+06
4.418e+06 2.25941e+07 -6.9298e+06 -4.418e+06 -2.25941e+07 -6.32421e+06
4.43831e+06 2.26063e+07 -6.96011e+06 -4.43831e+06 -2.26063e+07 -6.35482e+06
4.45814e+06 2.26181e+07 -6.9899e+06 -4.45814e+06 -2.26181e+07 -6.38452e+06
4.4775e+06 2.26295e+07 -7.01916e+06 -4.4775e+06 -2.26295e+07 -6.41336e+06
4.49643e+06 2.26407e+07 -7.04787e+06 -4.49643e+06 -2.26407e+07 -6.44141e+06
4.51492e+06 2.26515e+07 -7.07602e+06 -4.51492e+06 -2.26515e+07 -6.46873e+06
4.53298e+06 2.26621e+07 -7.10356e+06 -4.53298e+06 -2.26621e+07 -6.49537e+06
4.55062e+06 2.26725e+07 -7.13047e+06 -4.55062e+06 -2.26725e+07 -6.52138e+06
4.56787e+06 2.26826e+07 -7.1568e+06 -4.56787e+06 -2.26826e+07 -6.5468e+06
4.58476e+06 2.26925e+07 -7.1826e+06 -4.58476e+06 -2.26925e+07 -6.57168e+06
4.60132e+06 2.27022e+07 -7.20791e+06 -4.60132e+06 -2.27022e+07 -6.59607e+06
4.61757e+06 2.27117e+07 -7.23274e+06 -4.61757e+06 -2.27117e+07 -6.61997e+06
4.63352e+06 2.2721e+07 -7.25712e+06 -4.63352e+06 -2.2721e+07 -6.64343e+06
4.64918e+06 2.27302e+07 -7.28106e+06 -4.64918e+06 -2.27302e+07 -6.66647e+06
4.66456e+06 2.27392e+07 -7.30456e+06 -4.66456e+06 -2.27392e+07 -6.6891e+06
4.67967e+06 2.2748e+07 -7.32764e+06 -4.67967e+06 -2.2748e+07 -6.71137e+06
4.69453e+06 2.27568e+07 -7.35032e+06 -4.69453e+06 -2.27568e+07 -6.73328e+06
4.70915e+06 2.27654e+07 -7.37259e+06 -4.70915e+06 -2.27654e+07 -6.75486e+06
4.72353e+06 2.27738e+07 -7.39447e+06 -4.72353e+06 -2.27738e+07 -6.77612e+06
4.73769e+06 2.27822e+07 -7.41598e+06 -4.73769e+06 -2.27822e+07 -6.79709e+06
4.75163e+06 2.27904e+07 -7.43712e+06 -4.75163e+06 -2.27904e+07 -6.81777e+06
4.76537e+06 2.27985e+07 -7.45791e+06 -4.76537e+06 -2.27985e+07 -6.83819e+06
4.7789e+06 2.28066e+07 -7.47835e+06 -4.7789e+06 -2.28066e+07 -6.85835e+06
4.79224e+06 2.28145e+07 -7.49846e+06 -4.79224e+06 -2.28145e+07 -6.87826e+06
4.8054e+06 2.28224e+07 -7.51824e+06 -4.8054e+06 -2.28224e+07 -6.89795e+06
4.81837e+06 2.28301e+07 -7.53771e+06 -4.81837e+06 -2.28301e+07 -6.91741e+06
4.83118e+06 2.28378e+07 -7.55688e+06 -4.83118e+06 -2.28378e+07 -6.93666e+06
4.84382e+06 2.28454e+07 -7.57576e+06 -4.84382e+06 -2.28454e+07 -6.95571e+06
4.85631e+06 2.28529e+07 -7.59435e+06 -4.85631e+06 -2.28529e+07 -6.97456e+06
4.86863e+06 2.28604e+07 -7.61268e+06 -4.86863e+06 -2.28604e+07 -6.99323e+06
4.88082e+06 2.28677e+07 -7.63073e+06 -4.88082e+06 -2.28677e+07 -7.01171e+06
4.89285e+06 2.28751e+07 -7.64853e+06 -4.89285e+06 -2.28751e+07 -7.03002e+06
4.90475e+06 2.28823e+07 -7.66609e+06 -4.90475e+06 -2.28823e+07 -7.04815e+06
4.91651e+06 2.28895e+07 -7.68341e+06 -4.91651e+06 -2.28895e+07 -7.06611e+06
4.92813e+06 2.28966e+07 -7.7005e+06 -4.92813e+06 -2.28966e+07 -7.08389e+06
4.93962e+06 2.29036e+07 -7.71736e+06 -4.93962e+06 -2.29036e+07 -7.1015e+06
4.95098e+06 2.29106e+07 -7.73402e+06 -4.95098e+06 -2.29106e+07 -7.11892e+06
4.96222e+06 2.29175e+07 -7.75047e+06 -4.96222e+06 -2.29175e+07 -7.13619e+06
4.97334e+06 2.29244e+07 -7.76672e+06 -4.97334e+06 -2.29244e+07 -7.15329e+06
4.98434e+06 2.29312e+07 -7.78278e+06 -4.98434e+06 -2.29312e+07 -7.17025e+06
4.99524e+06 2.2938e+07 -7.79865e+06 -4.99524e+06 -2.2938e+07 -7.18706e+06
5.00603e+06 2.29447e+07 -7.81435e+06 -5.00603e+06 -2.29447e+07 -7.20374e+06
5.01672e+06 2.29513e+07 -7.82987e+06 -5.01672e+06 -2.29513e+07 -7.22029e+06
5.02731e+06 2.29579e+07 -7.84523e+06 -5.02731e+06 -2.29579e+07 -7.2367e+06
5.03781e+06 2.29645e+07 -7.86043e+06 -5.03781e+06 -2.29645e+07 -7.25299e+06
5.04821e+06 2.2971e+07 -7.87547e+06 -5.04821e+06 -2.2971e+07 -7.26916e+06
5.05852e+06 2.29775e+07 -7.89036e+06 -5.05852e+06 -2.29775e+07 -7.28521e+06
5.06875e+06 2.29839e+07 -7.90511e+06 -5.06875e+06 -2.29839e+07 -7.30113e+06
5.07889e+06 2.29903e+07 -7.91972e+06 -5.07889e+06 -2.29903e+07 -7.31694e+06
5.08894e+06 2.29966e+07 -7.9342e+06 -5.08894e+06 -2.29966e+07 -7.33263e+06
5.09892e+06 2.30029e+07 -7.94855e+06 -5.09892e+06 -2.30029e+07 -7.34821e+06
5.10881e+06 2.30092e+07 -7.96277e+06 -5.10881e+06 -2.30092e+07 -7.36367e+06
5.11863e+06 2.30154e+07 -7.97687e+06 -5.11863e+06 -2.30154e+07 -7.37903e+06
5.12838e+06 2.30215e+07 -7.99086e+06 -5.12838e+06 -2.30215e+07 -7.39427e+06
5.13805e+06 2.30276e+07 -8.00473e+06 -5.13805e+06 -2.30276e+07 -7.40941e+06
5.14765e+06 2.30337e+07 -8.0185e+06 -5.14765e+06 -2.30337e+07 -7.42444e+06
5.15717e+06 2.30397e+07 -8.03216e+06 -5.15717e+06 -2.30397e+07 -7.43936e+06
5.16663e+06 2.30457e+07 -8.04572e+06 -5.16663e+06 -2.30457e+07 -7.45418e+06
5.17603e+06 2.30516e+07 -8.05918e+06 -5.17603e+06 -2.30516e+07 -7.4689e+06
5.18535e+06 2.30575e+07 -8.07255e+06 -5.18535e+06 -2.30575e+07 -7.48351e+06
5.19461e+06 2.30633e+07 -8.08582e+06 -5.19461e+06 -2.30633e+07 -7.49802e+06
5.20381e+06 2.30691e+07 -8.09901e+06 -5.20381e+06 -2.30691e+07 -7.51242e+06
5.21295e+06 2.30749e+07 -8.11211e+06 -5.21295e+06 -2.30749e+07 -7.52673e+06
5.22202e+06 2.30806e+07 -8.12513e+06 -5.22202e+06 -2.30806e+07 -7.54094e+06
5.23104e+06 2.30863e+07 -8.13807e+06 -5.23104e+06 -2.30863e+07 -7.55505e+06
5.23999e+06 2.3092e+07 -8.15093e+06 -5.23999e+06 -2.3092e+07 -7.56906e+06
5.24889e+06 2.30976e+07 -8.16371e+06 -5.24889e+06 -2.30976e+07 -7.58297e+06
5.25774e+06 2.31031e+07 -8.17643e+06 -5.25774e+06 -2.31031e+07 -7.59678e+06
5.26652e+06 2.31087e+07 -8.18907e+06 -5.26652e+06 -2.31087e+07 -7.6105e+06
5.27526e+06 2.31142e+07 -8.20164e+06 -5.27526e+06 -2.31142e+07 -7.62413e+06
5.28394e+06 2.31196e+07 -8.21415e+06 -5.28394e+06 -2.31196e+07 -7.63766e+06
5.29256e+06 2.31251e+07 -8.22659e+06 -5.29256e+06 -2.31251e+07 -7.6511e+06
5.30114e+06 2.31305e+07 -8.23897e+06 -5.30114e+06 -2.31305e+07 -7.66444e+06
5.30966e+06 2.31358e+07 -8.25129e+06 -5.30966e+06 -2.31358e+07 -7.67769e+06
5.31813e+06 2.31411e+07 -8.26355e+06 -5.31813e+06 -2.31411e+07 -7.69086e+06
5.32656e+06 2.31464e+07 -8.27575e+06 -5.32656e+06 -2.31464e+07 -7.70393e+06
5.33494e+06 2.31516e+07 -8.2879e+06 -5.33494e+06 -2.31516e+07 -7.71691e+06
5.34327e+06 2.31569e+07 -8.3e+06 -5.34327e+06 -2.31569e+07 -7.7298e+06
5.35155e+06 2.3162e+07 -8.31204e+06 -5.35155e+06 -2.3162e+07 -7.74261e+06
5.35979e+06 2.31672e+07 -8.32404e+06 -5.35979e+06 -2.31672e+07 -7.75532e+06
5.36798e+06 2.31723e+07 -8.33598e+06 -5.36798e+06 -2.31723e+07 -7.76795e+06
5.37613e+06 2.31773e+07 -8.34788e+06 -5.37613e+06 -2.31773e+07 -7.7805e+06
5.38423e+06 2.31824e+07 -8.35973e+06 -5.38423e+06 -2.31824e+07 -7.79296e+06
5.39229e+06 2.31874e+07 -8.37154e+06 -5.39229e+06 -2.31874e+07 -7.80534e+06
5.40031e+06 2.31924e+07 -8.3833e+06 -5.40031e+06 -2.31924e+07 -7.81764e+06
5.40829e+06 2.31973e+07 -8.39502e+06 -5.40829e+06 -2.31973e+07 -7.82985e+06
5.41623e+06 2.32022e+07 -8.4067e+06 -5.41623e+06 -2.32022e+07 -7.84198e+06
5.42412e+06 2.32071e+07 -8.41834e+06 -5.42412e+06 -2.32071e+07 -7.85403e+06
5.43198e+06 2.32119e+07 -8.42994e+06 -5.43198e+06 -2.32119e+07 -7.86601e+06
5.4398e+06 2.32167e+07 -8.4415e+06 -5.4398e+06 -2.32167e+07 -7.8779e+06
5.44758e+06 2.32215e+07 -8.45302e+06 -5.44758e+06 -2.32215e+07 -7.88972e+06
5.45532e+06 2.32262e+07 -8.46451e+06 -5.45532e+06 -2.32262e+07 -7.90146e+06
5.46303e+06 2.3231e+07 -8.47597e+06 -5.46303e+06 -2.3231e+07 -7.91313e+06
5.4707e+06 2.32356e+07 -8.48739e+06 -5.4707e+06 -2.32356e+07 -7.92472e+06
5.47834e+06 2.32403e+07 -8.49878e+06 -5.47834e+06 -2.32403e+07 -7.93624e+06
5.48594e+06 2.32449e+07 -8.51013e+06 -5.48594e+06 -2.32449e+07 -7.94768e+06
5.4935e+06 2.32495e+07 -8.52146e+06 -5.4935e+06 -2.32495e+07 -7.95906e+06
5.50104e+06 2.32541e+07 -8.53275e+06 -5.50104e+06 -2.32541e+07 -7.97036e+06
5.50854e+06 2.32586e+07 -8.54401e+06 -5.50854e+06 -2.32586e+07 -7.98159e+06
5.516e+06 2.32631e+07 -8.55525e+06 -5.516e+06 -2.32631e+07 -7.99276e+06
5.52344e+06 2.32676e+07 -8.56645e+06 -5.52344e+06 -2.32676e+07 -8.00386e+06
5.53084e+06 2.3272e+07 -8.57763e+06 -5.53084e+06 -2.3272e+07 -8.01489e+06
5.53821e+06 2.32765e+07 -8.58878e+06 -5.53821e+06 -2.32765e+07 -8.02585e+06
5.54555e+06 2.32809e+07 -8.59991e+06 -5.54555e+06 -2.32809e+07 -8.03675e+06
5.55287e+06 2.32852e+07 -8.61101e+06 -5.55287e+06 -2.32852e+07 -8.04758e+06
5.56015e+06 2.32896e+07 -8.62209e+06 -5.56015e+06 -2.32896e+07 -8.05836e+06
5.5674e+06 2.32939e+07 -8.63314e+06 -5.5674e+06 -2.32939e+07 -8.06907e+06
5.57463e+06 2.32982e+07 -8.64416e+06 -5.57463e+06 -2.32982e+07 -8.07972e+06
5.58182e+06 2.33024e+07 -8.65517e+06 -5.58182e+06 -2.33024e+07 -8.09031e+06
5.589e+06 2.33067e+07 -8.66615e+06 -5.589e+06 -2.33067e+07 -8.10084e+06
5.59614e+06 2.33109e+07 -8.67711e+06 -5.59614e+06 -2.33109e+07 -8.11131e+06
5.60326e+06 2.33151e+07 -8.68805e+06 -5.60326e+06 -2.33151e+07 -8.12172e+06
5.61035e+06 2.33193e+07 -8.69896e+06 -5.61035e+06 -2.33193e+07 -8.13208e+06
5.61741e+06 2.33234e+07 -8.70986e+06 -5.61741e+06 -2.33234e+07 -8.14238e+06
5.62445e+06 2.33275e+07 -8.72074e+06 -5.62445e+06 -2.33275e+07 -8.15263e+06
5.63147e+06 2.33316e+07 -8.73159e+06 -5.63147e+06 -2.33316e+07 -8.16282e+06
5.63846e+06 2.33357e+07 -8.74243e+06 -5.63846e+06 -2.33357e+07 -8.17296e+06
5.64543e+06 2.33397e+07 -8.75325e+06 -5.64543e+06 -2.33397e+07 -8.18304e+06
5.65238e+06 2.33438e+07 -8.76405e+06 -5.65238e+06 -2.33438e+07 -8.19308e+06
5.6593e+06 2.33478e+07 -8.77483e+06 -5.6593e+06 -2.33478e+07 -8.20306e+06
5.6662e+06 2.33518e+07 -8.7856e+06 -5.6662e+06 -2.33518e+07 -8.213e+06
5.67308e+06 2.33557e+07 -8.79635e+06 -5.67308e+06 -2.33557e+07 -8.22288e+06
5.67993e+06 2.33597e+07 -8.80708e+06 -5.67993e+06 -2.33597e+07 -8.23272e+06
5.68677e+06 2.33636e+07 -8.81779e+06 -5.68677e+06 -2.33636e+07 -8.24251e+06
5.69358e+06 2.33675e+07 -8.82849e+06 -5.69358e+06 -2.33675e+07 -8.25225e+06
5.70037e+06 2.33714e+07 -8.83917e+06 -5.70037e+06 -2.33714e+07 -8.26194e+06
5.70714e+06 2.33752e+07 -8.84984e+06 -5.70714e+06 -2.33752e+07 -8.27159e+06
5.7139e+06 2.33791e+07 -8.86049e+06 -5.7139e+06 -2.33791e+07 -8.2812e+06
5.72063e+06 2.33829e+07 -8.87113e+06 -5.72063e+06 -2.33829e+07 -8.29076e+06
5.72734e+06 2.33867e+07 -8.88175e+06 -5.72734e+06 -2.33867e+07 -8.30028e+06
5.73404e+06 2.33905e+07 -8.89236e+06 -5.73404e+06 -2.33905e+07 -8.30975e+06
5.74071e+06 2.33942e+07 -8.90296e+06 -5.74071e+06 -2.33942e+07 -8.31918e+06
5.74737e+06 2.3398e+07 -8.91354e+06 -5.74737e+06 -2.3398e+07 -8.32857e+06
5.75401e+06 2.34017e+07 -8.92411e+06 -5.75401e+06 -2.34017e+07 -8.33792e+06
5.76063e+06 2.34054e+07 -8.93466e+06 -5.76063e+06 -2.34054e+07 -8.34723e+06
5.76724e+06 2.34091e+07 -8.94521e+06 -5.76724e+06 -2.34091e+07 -8.3565e+06
5.77382e+06 2.34128e+07 -8.95574e+06 -5.77382e+06 -2.34128e+07 -8.36574e+06
5.78039e+06 2.34165e+07 -8.96625e+06 -5.78039e+06 -2.34165e+07 -8.37493e+06
5.78695e+06 2.34201e+07 -8.97676e+06 -5.78695e+06 -2.34201e+07 -8.38408e+06
5.79348e+06 2.34237e+07 -8.98725e+06 -5.79348e+06 -2.34237e+07 -8.3932e+06
5.80001e+06 2.34273e+07 -8.99774e+06 -5.80001e+06 -2.34273e+07 -8.40228e+06
5.80651e+06 2.34309e+07 -9.00821e+06 -5.80651e+06 -2.34309e+07 -8.41132e+06
5.813e+06 2.34345e+07 -9.01867e+06 -5.813e+06 -2.34345e+07 -8.42033e+06
5.81947e+06 2.34381e+07 -9.02912e+06 -5.81947e+06 -2.34381e+07 -8.4293e+06
5.82593e+06 2.34416e+07 -9.03955e+06 -5.82593e+06 -2.34416e+07 -8.43824e+06
5.83237e+06 2.34452e+07 -9.04998e+06 -5.83237e+06 -2.34452e+07 -8.44714e+06
5.8388e+06 2.34487e+07 -9.0604e+06 -5.8388e+06 -2.34487e+07 -8.45601e+06
4.97365e+06 2.30463e+07 -7.47714e+06 -4.97365e+06 -2.30463e+07 -7.4438e+06
4.1369e+06 2.26539e+07 -5.95351e+06 -4.1369e+06 -2.26539e+07 -6.4572e+06
3.34195e+06 2.22765e+07 -4.51679e+06 -3.34195e+06 -2.22765e+07 -5.50906e+06
2.59741e+06 2.19174e+07 -3.18437e+06 -2.59741e+06 -2.19174e+07 -4.60787e+06
1.9085e+06 2.15789e+07 -1.96658e+06 -1.9085e+06 -2.15789e+07 -3.75892e+06
1.27752e+06 2.12618e+07 -867752 -1.27752e+06 -2.12618e+07 -2.9648e+06
704338 2.09664e+07 112917 -704338 -2.09664e+07 -2.22593e+06
186940 2.06924e+07 980231 -186940 -2.06924e+07 -1.54105e+06
-277993 2.04387e+07 1.74179e+06 277993 -2.04387e+07 -907808
-694529 2.02042e+07 2.40677e+06 694529 -2.02042e+07 -323182
-1.06703e+06 1.99877e+07 2.98494e+06 1.06703e+06 -1.99877e+07 216140
-1.39983e+06 1.97879e+07 3.48597e+06 1.39983e+06 -1.97879e+07 713529
-1.69713e+06 1.96034e+07 3.91912e+06 1.69713e+06 -1.96034e+07 1.17227e+06
-1.96288e+06 1.94331e+07 4.29312e+06 1.96288e+06 -1.94331e+07 1.5955e+06
-2.20074e+06 1.92758e+07 4.61608e+06 2.20074e+06 -1.92758e+07 1.98615e+06
-2.41408e+06 1.91305e+07 4.89533e+06 2.41408e+06 -1.91305e+07 2.34691e+06
-2.60588e+06 1.89961e+07 5.13735e+06 2.60588e+06 -1.89961e+07 2.68028e+06
-2.77877e+06 1.88719e+07 5.34776e+06 2.77877e+06 -1.88719e+07 2.98854e+06
-2.93503e+06 1.8757e+07 5.53138e+06 2.93503e+06 -1.8757e+07 3.27372e+06
-3.0767e+06 1.86506e+07 5.69235e+06 3.0767e+06 -1.86506e+07 3.53776e+06
-3.20555e+06 1.85519e+07 5.83422e+06 3.20555e+06 -1.85519e+07 3.78243e+06
-3.32312e+06 1.84605e+07 5.96001e+06 3.32312e+06 -1.84605e+07 4.00933e+06
-3.43074e+06 1.83757e+07 6.0723e+06 3.43074e+06 -1.83757e+07 4.21991e+06
-3.52958e+06 1.82969e+07 6.17327e+06 3.52958e+06 -1.82969e+07 4.41548e+06
-3.62067e+06 1.82237e+07 6.26475e+06 3.62067e+06 -1.82237e+07 4.59725e+06
-3.70486e+06 1.81556e+07 6.34827e+06 3.70486e+06 -1.81556e+07 4.76631e+06
-3.78291e+06 1.80923e+07 6.4251e+06 3.78291e+06 -1.80923e+07 4.92364e+06
-3.85548e+06 1.80334e+07 6.49629e+06 3.85548e+06 -1.80334e+07 5.07015e+06
-3.92312e+06 1.79786e+07 6.56272e+06 3.92312e+06 -1.79786e+07 5.20664e+06
-3.98632e+06 1.79275e+07 6.62509e+06 3.98632e+06 -1.79275e+07 5.33388e+06
-4.04551e+06 1.78799e+07 6.68399e+06 4.04551e+06 -1.78799e+07 5.45254e+06
-4.10106e+06 1.78355e+07 6.73991e+06 4.10106e+06 -1.78355e+07 5.56326e+06
-4.1533e+06 1.77941e+07 6.79325e+06 4.1533e+06 -1.77941e+07 5.66664e+06
-4.20252e+06 1.77554e+07 6.84432e+06 4.20252e+06 -1.77554e+07 5.76324e+06
-4.249e+06 1.77193e+07 6.89342e+06 4.249e+06 -1.77193e+07 5.85359e+06
-4.29299e+06 1.76855e+07 6.94077e+06 4.29299e+06 -1.76855e+07 5.93819e+06
-4.33468e+06 1.76538e+07 6.98656e+06 4.33468e+06 -1.76538e+07 6.0175e+06
-4.37426e+06 1.76241e+07 7.03094e+06 4.37426e+06 -1.76241e+07 6.09185e+06
-4.41192e+06 1.75962e+07 7.07405e+06 4.41192e+06 -1.75962e+07 6.16172e+06
-4.44783e+06 1.757e+07 7.11602e+06 4.44783e+06 -1.757e+07 6.22746e+06
-4.48211e+06 1.75453e+07 7.15692e+06 4.48211e+06 -1.75453e+07 6.28942e+06
-4.51492e+06 1.7522e+07 7.19686e+06 4.51492e+06 -1.7522e+07 6.34789e+06
-4.54636e+06 1.74999e+07 7.23589e+06 4.54636e+06 -1.74999e+07 6.40318e+06
-4.57653e+06 1.74791e+07 7.27408e+06 4.57653e+06 -1.74791e+07 6.45552e+06
-4.60555e+06 1.74593e+07 7.31148e+06 4.60555e+06 -1.74593e+07 6.50518e+06
-4.63349e+06 1.74405e+07 7.34813e+06 4.63349e+06 -1.74405e+07 6.55236e+06
-4.66044e+06 1.74226e+07 7.38407e+06 4.66044e+06 -1.74226e+07 6.59726e+06
-4.68647e+06 1.74056e+07 7.41934e+06 4.68647e+06 -1.74056e+07 6.64008e+06
-4.71165e+06 1.73893e+07 7.45396e+06 4.71165e+06 -1.73893e+07 6.68098e+06
-4.73603e+06 1.73737e+07 7.48796e+06 4.73603e+06 -1.73737e+07 6.72012e+06
-4.75967e+06 1.73587e+07 7.52137e+06 4.75967e+06 -1.73587e+07 6.75763e+06
-4.78262e+06 1.73444e+07 7.5542e+06 4.78262e+06 -1.73444e+07 6.79366e+06
-4.80493e+06 1.73306e+07 7.58647e+06 4.80493e+06 -1.73306e+07 6.82831e+06
-4.82663e+06 1.73173e+07 7.61821e+06 4.82663e+06 -1.73173e+07 6.8617e+06
-4.84778e+06 1.73044e+07 7.64941e+06 4.84778e+06 -1.73044e+07 6.89392e+06
-4.86839e+06 1.7292e+07 7.6801e+06 4.86839e+06 -1.7292e+07 6.92507e+06
-4.8885e+06 1.72799e+07 7.71028e+06 4.8885e+06 -1.72799e+07 6.95522e+06
-4.90815e+06 1.72683e+07 7.73998e+06 4.90815e+06 -1.72683e+07 6.98446e+06
-4.92735e+06 1.72569e+07 7.76919e+06 4.92735e+06 -1.72569e+07 7.01285e+06
-4.94613e+06 1.72459e+07 7.79793e+06 4.94613e+06 -1.72459e+07 7.04045e+06
-4.96451e+06 1.72351e+07 7.82621e+06 4.96451e+06 -1.72351e+07 7.06732e+06
-4.98252e+06 1.72247e+07 7.85403e+06 4.98252e+06 -1.72247e+07 7.09352e+06
-5.00016e+06 1.72144e+07 7.88141e+06 5.00016e+06 -1.72144e+07 7.11908e+06
-5.01747e+06 1.72044e+07 7.90835e+06 5.01747e+06 -1.72044e+07 7.14406e+06
-5.03445e+06 1.71946e+07 7.93486e+06 5.03445e+06 -1.71946e+07 7.16849e+06
-5.05112e+06 1.71851e+07 7.96095e+06 5.05112e+06 -1.71851e+07 7.19241e+06
-5.06749e+06 1.71757e+07 7.98662e+06 5.06749e+06 -1.71757e+07 7.21585e+06
-5.08358e+06 1.71664e+07 8.01188e+06 5.08358e+06 -1.71664e+07 7.23885e+06
-5.09939e+06 1.71574e+07 8.03675e+06 5.09939e+06 -1.71574e+07 7.26143e+06
-5.11494e+06 1.71485e+07 8.06122e+06 5.11494e+06 -1.71485e+07 7.28361e+06
-5.13024e+06 1.71397e+07 8.08531e+06 5.13024e+06 -1.71397e+07 7.30543e+06
-5.1453e+06 1.71311e+07 8.10902e+06 5.1453e+06 -1.71311e+07 7.32689e+06
-5.16013e+06 1.71226e+07 8.13236e+06 5.16013e+06 -1.71226e+07 7.34803e+06
-5.17473e+06 1.71142e+07 8.15533e+06 5.17473e+06 -1.71142e+07 7.36886e+06
-5.18912e+06 1.7106e+07 8.17795e+06 5.18912e+06 -1.7106e+07 7.3894e+06
-5.20329e+06 1.70978e+07 8.20023e+06 5.20329e+06 -1.70978e+07 7.40966e+06
-5.21727e+06 1.70898e+07 8.22216e+06 5.21727e+06 -1.70898e+07 7.42965e+06
-5.23105e+06 1.70818e+07 8.24376e+06 5.23105e+06 -1.70818e+07 7.4494e+06
-5.24465e+06 1.7074e+07 8.26503e+06 5.24465e+06 -1.7074e+07 7.46891e+06
-5.25806e+06 1.70662e+07 8.28599e+06 5.25806e+06 -1.70662e+07 7.48819e+06
-5.2713e+06 1.70585e+07 8.30663e+06 5.2713e+06 -1.70585e+07 7.50726e+06
-5.28437e+06 1.70509e+07 8.32698e+06 5.28437e+06 -1.70509e+07 7.52613e+06
-5.29727e+06 1.70434e+07 8.34702e+06 5.29727e+06 -1.70434e+07 7.5448e+06
-5.31002e+06 1.7036e+07 8.36678e+06 5.31002e+06 -1.7036e+07 7.56328e+06
-5.32261e+06 1.70286e+07 8.38625e+06 5.32261e+06 -1.70286e+07 7.58158e+06
-5.33505e+06 1.70213e+07 8.40545e+06 5.33505e+06 -1.70213e+07 7.59971e+06
-5.34735e+06 1.70141e+07 8.42438e+06 5.34735e+06 -1.70141e+07 7.61767e+06
-5.3595e+06 1.70069e+07 8.44304e+06 5.3595e+06 -1.70069e+07 7.63547e+06
-5.37152e+06 1.69998e+07 8.46145e+06 5.37152e+06 -1.69998e+07 7.65312e+06
-5.38341e+06 1.69927e+07 8.4796e+06 5.38341e+06 -1.69927e+07 7.67062e+06
-5.39516e+06 1.69857e+07 8.49751e+06 5.39516e+06 -1.69857e+07 7.68798e+06
-5.40679e+06 1.69787e+07 8.51516e+06 5.40679e+06 -1.69787e+07 7.7052e+06
-5.41828e+06 1.69718e+07 8.53257e+06 5.41828e+06 -1.69718e+07 7.72228e+06
-5.42965e+06 1.6965e+07 8.54973e+06 5.42965e+06 -1.6965e+07 7.73923e+06
-5.44089e+06 1.69582e+07 8.56662e+06 5.44089e+06 -1.69582e+07 7.75606e+06
-5.452e+06 1.69515e+07 8.58323e+06 5.452e+06 -1.69515e+07 7.77277e+06
-5.46296e+06 1.69448e+07 8.59953e+06 5.46296e+06 -1.69448e+07 7.78936e+06
-5.47379e+06 1.69381e+07 8.61554e+06 5.47379e+06 -1.69381e+07 7.80583e+06
-5.48449e+06 1.69315e+07 8.63127e+06 5.48449e+06 -1.69315e+07 7.82219e+06
-5.49507e+06 1.69249e+07 8.64677e+06 5.49507e+06 -1.69249e+07 7.83844e+06
-5.50555e+06 1.69184e+07 8.66208e+06 5.50555e+06 -1.69184e+07 7.85458e+06
-5.51594e+06 1.69119e+07 8.6772e+06 5.51594e+06 -1.69119e+07 7.87062e+06
-5.52623e+06 1.69055e+07 8.69216e+06 5.52623e+06 -1.69055e+07 7.88654e+06
-5.53644e+06 1.68991e+07 8.70696e+06 5.53644e+06 -1.68991e+07 7.90236e+06
-5.54655e+06 1.68927e+07 8.7216e+06 5.54655e+06 -1.68927e+07 7.91806e+06
-5.55658e+06 1.68864e+07 8.73609e+06 5.55658e+06 -1.68864e+07 7.93366e+06
-5.56652e+06 1.68801e+07 8.75043e+06 5.56652e+06 -1.68801e+07 7.94913e+06
-5.57637e+06 1.68739e+07 8.76464e+06 5.57637e+06 -1.68739e+07 7.96448e+06
-5.58614e+06 1.68677e+07 8.77871e+06 5.58614e+06 -1.68677e+07 7.9797e+06
-5.59582e+06 1.68616e+07 8.79265e+06 5.59582e+06 -1.68616e+07 7.99481e+06
-5.60542e+06 1.68555e+07 8.80647e+06 5.60542e+06 -1.68555e+07 8.0098e+06
-5.61495e+06 1.68495e+07 8.82016e+06 5.61495e+06 -1.68495e+07 8.02468e+06
-5.6244e+06 1.68435e+07 8.83374e+06 5.6244e+06 -1.68435e+07 8.03946e+06
-5.63378e+06 1.68376e+07 8.8472e+06 5.63378e+06 -1.68376e+07 8.05414e+06
-5.64309e+06 1.68316e+07 8.86055e+06 5.64309e+06 -1.68316e+07 8.06872e+06
-5.65234e+06 1.68258e+07 8.87379e+06 5.65234e+06 -1.68258e+07 8.08321e+06
-5.66151e+06 1.68199e+07 8.88693e+06 5.66151e+06 -1.68199e+07 8.0976e+06
-5.67063e+06 1.68141e+07 8.89998e+06 5.67063e+06 -1.68141e+07 8.1119e+06
-5.67968e+06 1.68084e+07 8.91292e+06 5.67968e+06 -1.68084e+07 8.1261e+06
-5.68866e+06 1.68026e+07 8.92578e+06 5.68866e+06 -1.68026e+07 8.14021e+06
-5.69759e+06 1.6797e+07 8.93854e+06 5.69759e+06 -1.6797e+07 8.15423e+06
-5.70646e+06 1.67913e+07 8.95121e+06 5.70646e+06 -1.67913e+07 8.16815e+06
-5.71526e+06 1.67857e+07 8.9638e+06 5.71526e+06 -1.67857e+07 8.18199e+06
-5.72401e+06 1.67801e+07 8.97631e+06 5.72401e+06 -1.67801e+07 8.19573e+06
-5.7327e+06 1.67746e+07 8.98874e+06 5.7327e+06 -1.67746e+07 8.20937e+06
-5.74134e+06 1.67691e+07 9.00109e+06 5.74134e+06 -1.67691e+07 8.22293e+06
-5.74992e+06 1.67636e+07 9.01336e+06 5.74992e+06 -1.67636e+07 8.2364e+06
-5.75845e+06 1.67581e+07 9.02557e+06 5.75845e+06 -1.67581e+07 8.24977e+06
-5.76692e+06 1.67527e+07 9.0377e+06 5.76692e+06 -1.67527e+07 8.26306e+06
-5.77534e+06 1.67474e+07 9.04976e+06 5.77534e+06 -1.67474e+07 8.27625e+06
-5.78371e+06 1.67421e+07 9.06176e+06 5.78371e+06 -1.67421e+07 8.28936e+06
-5.79202e+06 1.67368e+07 9.0737e+06 5.79202e+06 -1.67368e+07 8.30237e+06
-5.80029e+06 1.67315e+07 9.08557e+06 5.80029e+06 -1.67315e+07 8.3153e+06
-5.8085e+06 1.67263e+07 9.09737e+06 5.8085e+06 -1.67263e+07 8.32813e+06
-5.81667e+06 1.67211e+07 9.10912e+06 5.81667e+06 -1.67211e+07 8.34088e+06
-5.82479e+06 1.67159e+07 9.12082e+06 5.82479e+06 -1.67159e+07 8.35354e+06
-5.83285e+06 1.67108e+07 9.13245e+06 5.83285e+06 -1.67108e+07 8.36611e+06
-5.84088e+06 1.67057e+07 9.14404e+06 5.84088e+06 -1.67057e+07 8.37859e+06
-5.84885e+06 1.67007e+07 9.15556e+06 5.84885e+06 -1.67007e+07 8.39099e+06
-5.85678e+06 1.66957e+07 9.16704e+06 5.85678e+06 -1.66957e+07 8.40329e+06
-5.86466e+06 1.66907e+07 9.17847e+06 5.86466e+06 -1.66907e+07 8.41551e+06
-5.8725e+06 1.66857e+07 9.18984e+06 5.8725e+06 -1.66857e+07 8.42765e+06
-5.88029e+06 1.66808e+07 9.20117e+06 5.88029e+06 -1.66808e+07 8.43969e+06
-5.88804e+06 1.66759e+07 9.21246e+06 5.88804e+06 -1.66759e+07 8.45165e+06
-5.89574e+06 1.66711e+07 9.22369e+06 5.89574e+06 -1.66711e+07 8.46353e+06
-5.9034e+06 1.66663e+07 9.23489e+06 5.9034e+06 -1.66663e+07 8.47532e+06
-5.91102e+06 1.66615e+07 9.24604e+06 5.91102e+06 -1.66615e+07 8.48702e+06
-5.9186e+06 1.66567e+07 9.25715e+06 5.9186e+06 -1.66567e+07 8.49865e+06
-5.92613e+06 1.6652e+07 9.26821e+06 5.92613e+06 -1.6652e+07 8.51018e+06
-5.93363e+06 1.66473e+07 9.27924e+06 5.93363e+06 -1.66473e+07 8.52164e+06
-5.94108e+06 1.66427e+07 9.29023e+06 5.94108e+06 -1.66427e+07 8.53301e+06
-5.94849e+06 1.6638e+07 9.30118e+06 5.94849e+06 -1.6638e+07 8.5443e+06
-5.95587e+06 1.66335e+07 9.31209e+06 5.95587e+06 -1.66335e+07 8.55551e+06
-5.9632e+06 1.66289e+07 9.32296e+06 5.9632e+06 -1.66289e+07 8.56664e+06
-5.9705e+06 1.66244e+07 9.3338e+06 5.9705e+06 -1.66244e+07 8.57768e+06
-5.97775e+06 1.66199e+07 9.34461e+06 5.97775e+06 -1.66199e+07 8.58865e+06
-5.98497e+06 1.66154e+07 9.35538e+06 5.98497e+06 -1.66154e+07 8.59954e+06
-5.99216e+06 1.6611e+07 9.36612e+06 5.99216e+06 -1.6611e+07 8.61035e+06
-5.9993e+06 1.66066e+07 9.37682e+06 5.9993e+06 -1.66066e+07 8.62109e+06
-6.00642e+06 1.66022e+07 9.3875e+06 6.00642e+06 -1.66022e+07 8.63175e+06
-6.01349e+06 1.65978e+07 9.39814e+06 6.01349e+06 -1.65978e+07 8.64233e+06
-6.02053e+06 1.65935e+07 9.40875e+06 6.02053e+06 -1.65935e+07 8.65284e+06
-6.02754e+06 1.65892e+07 9.41934e+06 6.02754e+06 -1.65892e+07 8.66327e+06
-6.03451e+06 1.65849e+07 9.42989e+06 6.03451e+06 -1.65849e+07 8.67364e+06
-6.04145e+06 1.65807e+07 9.44042e+06 6.04145e+06 -1.65807e+07 8.68392e+06
-6.04835e+06 1.65765e+07 9.45091e+06 6.04835e+06 -1.65765e+07 8.69414e+06
-6.05522e+06 1.65723e+07 9.46138e+06 6.05522e+06 -1.65723e+07 8.70429e+06
-6.06206e+06 1.65682e+07 9.47183e+06 6.06206e+06 -1.65682e+07 8.71436e+06
-6.06887e+06 1.6564e+07 9.48224e+06 6.06887e+06 -1.6564e+07 8.72437e+06
-6.07565e+06 1.65599e+07 9.49263e+06 6.07565e+06 -1.65599e+07 8.7343e+06
-6.08239e+06 1.65559e+07 9.503e+06 6.08239e+06 -1.65559e+07 8.74417e+06
-6.0891e+06 1.65518e+07 9.51334e+06 6.0891e+06 -1.65518e+07 8.75397e+06
-6.09579e+06 1.65478e+07 9.52366e+06 6.09579e+06 -1.65478e+07 8.76371e+06
-6.10244e+06 1.65438e+07 9.53395e+06 6.10244e+06 -1.65438e+07 8.77337e+06
-6.10907e+06 1.65398e+07 9.54422e+06 6.10907e+06 -1.65398e+07 8.78297e+06
-6.11566e+06 1.65359e+07 9.55447e+06 6.11566e+06 -1.65359e+07 8.79251e+06
-6.12222e+06 1.65319e+07 9.56469e+06 6.12222e+06 -1.65319e+07 8.80198e+06
-6.12876e+06 1.6528e+07 9.5749e+06 6.12876e+06 -1.6528e+07 8.81138e+06
-6.13527e+06 1.65242e+07 9.58508e+06 6.13527e+06 -1.65242e+07 8.82072e+06
-6.14174e+06 1.65203e+07 9.59523e+06 6.14174e+06 -1.65203e+07 8.83e+06
-6.14819e+06 1.65165e+07 9.60537e+06 6.14819e+06 -1.65165e+07 8.8392e+06
-6.15461e+06 1.65127e+07 9.61549e+06 6.15461e+06 -1.65127e+07 8.84835e+06
-6.161e+06 1.65089e+07 9.62558e+06 6.161e+06 -1.65089e+07 8.85743e+06
-6.16737e+06 1.65052e+07 9.63566e+06 6.16737e+06 -1.65052e+07 8.86644e+06
-6.1737e+06 1.65014e+07 9.64571e+06 6.1737e+06 -1.65014e+07 8.87539e+06
-6.18001e+06 1.64977e+07 9.65575e+06 6.18001e+06 -1.64977e+07 8.88427e+06
-6.18628e+06 1.6494e+07 9.66576e+06 6.18628e+06 -1.6494e+07 8.89309e+06
-6.19253e+06 1.64904e+07 9.67575e+06 6.19253e+06 -1.64904e+07 8.90184e+06
-6.19875e+06 1.64868e+07 9.68573e+06 6.19875e+06 -1.64868e+07 8.91052e+06
-6.20494e+06 1.64831e+07 9.69568e+06 6.20494e+06 -1.64831e+07 8.91914e+06
-6.2111e+06 1.64796e+07 9.70562e+06 6.2111e+06 -1.64796e+07 8.92769e+06
-6.21723e+06 1.6476e+07 9.71554e+06 6.21723e+06 -1.6476e+07 8.93617e+06
-6.22334e+06 1.64725e+07 9.72543e+06 6.22334e+06 -1.64725e+07 8.94458e+06
-6.22941e+06 1.64689e+07 9.73531e+06 6.22941e+06 -1.64689e+07 8.95292e+06
-6.23546e+06 1.64654e+07 9.74517e+06 6.23546e+06 -1.64654e+07 8.9612e+06
-6.24147e+06 1.6462e+07 9.75501e+06 6.24147e+06 -1.6462e+07 8.96941e+06
-6.24746e+06 1.64585e+07 9.76484e+06 6.24746e+06 -1.64585e+07 8.97755e+06
-6.25342e+06 1.64551e+07 9.77464e+06 6.25342e+06 -1.64551e+07 8.98562e+06
-6.25935e+06 1.64517e+07 9.78443e+06 6.25935e+06 -1.64517e+07 8.99362e+06
-6.26525e+06 1.64483e+07 9.79419e+06 6.26525e+06 -1.64483e+07 9.00156e+06
-6.27113e+06 1.6445e+07 9.80395e+06 6.27113e+06 -1.6445e+07 9.00943e+06
-6.27697e+06 1.64416e+07 9.81368e+06 6.27697e+06 -1.64416e+07 9.01724e+06
-6.28279e+06 1.64383e+07 9.8234e+06 6.28279e+06 -1.64383e+07 9.02498e+06
-6.28859e+06 1.6435e+07 9.8331e+06 6.28859e+06 -1.6435e+07 9.03266e+06
-6.29435e+06 1.64318e+07 9.84278e+06 6.29435e+06 -1.64318e+07 9.04028e+06
-6.30009e+06 1.64285e+07 9.85245e+06 6.30009e+06 -1.64285e+07 9.04783e+06
-6.30581e+06 1.64253e+07 9.8621e+06 6.30581e+06 -1.64253e+07 9.05533e+06
-6.3115e+06 1.64221e+07 9.87173e+06 6.3115e+06 -1.64221e+07 9.06277e+06
-6.31717e+06 1.64189e+07 9.88135e+06 6.31717e+06 -1.64189e+07 9.07015e+06
-6.32281e+06 1.64157e+07 9.89095e+06 6.32281e+06 -1.64157e+07 9.07747e+06
-6.32843e+06 1.64126e+07 9.90054e+06 6.32843e+06 -1.64126e+07 9.08474e+06
-6.33402e+06 1.64095e+07 9.91012e+06 6.33402e+06 -1.64095e+07 9.09195e+06
-6.33959e+06 1.64063e+07 9.91968e+06 6.33959e+06 -1.64063e+07 9.09911e+06
-6.34514e+06 1.64033e+07 9.92922e+06 6.34514e+06 -1.64033e+07 9.10621e+06
-6.35067e+06 1.64002e+07 9.93875e+06 6.35067e+06 -1.64002e+07 9.11327e+06
-6.35618e+06 1.63971e+07 9.94827e+06 6.35618e+06 -1.63971e+07 9.12027e+06
-6.36166e+06 1.63941e+07 9.95777e+06 6.36166e+06 -1.63941e+07 9.12722e+06
-6.36713e+06 1.63911e+07 9.96726e+06 6.36713e+06 -1.63911e+07 9.13412e+06
-6.37257e+06 1.63881e+07 9.97673e+06 6.37257e+06 -1.63881e+07 9.14097e+06
-6.37799e+06 1.63851e+07 9.9862e+06 6.37799e+06 -1.63851e+07 9.14778e+06
-6.38339e+06 1.63821e+07 9.99564e+06 6.38339e+06 -1.63821e+07 9.15453e+06
-6.38877e+06 1.63792e+07 1.00051e+07 6.38877e+06 -1.63792e+07 9.16124e+06
-6.39414e+06 1.63762e+07 1.00145e+07 6.39414e+06 -1.63762e+07 9.16791e+06
-6.39948e+06 1.63733e+07 1.00239e+07 6.39948e+06 -1.63733e+07 9.17452e+06
-6.4048e+06 1.63704e+07 1.00333e+07 6.4048e+06 -1.63704e+07 9.1811e+06
-6.41011e+06 1.63675e+07 1.00427e+07 6.41011e+06 -1.63675e+07 9.18762e+06
-6.41539e+06 1.63646e+07 1.00521e+07 6.41539e+06 -1.63646e+07 9.19411e+06
-6.42066e+06 1.63618e+07 1.00614e+07 6.42066e+06 -1.63618e+07 9.20055e+06
-6.42591e+06 1.63589e+07 1.00708e+07 6.42591e+06 -1.63589e+07 9.20695e+06
-6.43114e+06 1.63561e+07 1.00801e+07 6.43114e+06 -1.63561e+07 9.2133e+06
-6.43635e+06 1.63533e+07 1.00894e+07 6.43635e+06 -1.63533e+07 9.21962e+06
-6.44155e+06 1.63505e+07 1.00988e+07 6.44155e+06 -1.63505e+07 9.22589e+06
-6.44673e+06 1.63477e+07 1.01081e+07 6.44673e+06 -1.63477e+07 9.23212e+06
-6.45189e+06 1.6345e+07 1.01173e+07 6.45189e+06 -1.6345e+07 9.23832e+06
-6.45703e+06 1.63422e+07 1.01266e+07 6.45703e+06 -1.63422e+07 9.24448e+06
-6.46216e+06 1.63395e+07 1.01359e+07 6.46216e+06 -1.63395e+07 9.25059e+06
-6.46727e+06 1.63368e+07 1.01451e+07 6.46727e+06 -1.63368e+07 9.25667e+06
-6.47237e+06 1.63341e+07 1.01544e+07 6.47237e+06 -1.63341e+07 9.26272e+06
-6.47745e+06 1.63314e+07 1.01636e+07 6.47745e+06 -1.63314e+07 9.26872e+06
-6.48252e+06 1.63287e+07 1.01729e+07 6.48252e+06 -1.63287e+07 9.2747e+06
-5.61705e+06 1.6731e+07 8.58877e+06 5.61705e+06 -1.6731e+07 8.26237e+06
-4.78196e+06 1.7122e+07 7.06694e+06 4.78196e+06 -1.7122e+07 7.27895e+06
-3.99083e+06 1.74965e+07 5.63465e+06 3.99083e+06 -1.74965e+07 6.33785e+06
-3.25194e+06 1.78513e+07 4.30859e+06 3.25194e+06 -1.78513e+07 5.44722e+06
-2.56993e+06 1.81847e+07 3.09823e+06 2.56993e+06 -1.81847e+07 4.61157e+06
-1.94654e+06 1.84958e+07 2.00702e+06 1.94654e+06 -1.84958e+07 3.8326e+06
-1.38111e+06 1.87848e+07 1.03348e+06 1.38111e+06 -1.87848e+07 3.10985e+06
-871216 1.90524e+07 172312 871216 -1.90524e+07 2.44133e+06
-413236 1.92997e+07 -584394 413236 -1.92997e+07 1.8241e+06
-2877.51 1.95281e+07 -1.24606e+06 2877.51 -1.95281e+07 1.25469e+06
364400 1.9739e+07 -1.82268e+06 -364400 -1.9739e+07 729478
693076 1.99337e+07 -2.3241e+06 -693076 -1.99337e+07 244876
987382 2.01135e+07 -2.75964e+06 -987382 -2.01135e+07 -202507
1.2512e+06 2.02798e+07 -3.13777e+06 -1.2512e+06 -2.02798e+07 -615825
1.48803e+06 2.04336e+07 -3.4661e+06 -1.48803e+06 -2.04336e+07 -997971
1.70099e+06 2.0576e+07 -3.75139e+06 -1.70099e+06 -2.0576e+07 -1.35159e+06
1.89289e+06 2.07079e+07 -3.99956e+06 -1.89289e+06 -2.07079e+07 -1.67911e+06
2.06619e+06 2.08302e+07 -4.21586e+06 -2.06619e+06 -2.08302e+07 -1.98273e+06
2.22311e+06 2.09438e+07 -4.40489e+06 -2.22311e+06 -2.09438e+07 -2.26446e+06
2.3656e+06 2.10492e+07 -4.57068e+06 -2.3656e+06 -2.10492e+07 -2.52613e+06
2.49542e+06 2.11472e+07 -4.71678e+06 -2.49542e+06 -2.11472e+07 -2.76946e+06
2.61409e+06 2.12385e+07 -4.84628e+06 -2.61409e+06 -2.12385e+07 -2.99598e+06
2.72296e+06 2.13235e+07 -4.96183e+06 -2.72296e+06 -2.13235e+07 -3.20705e+06
2.82321e+06 2.14028e+07 -5.06569e+06 -2.82321e+06 -2.14028e+07 -3.40394e+06
2.91583e+06 2.14767e+07 -5.15975e+06 -2.91583e+06 -2.14767e+07 -3.58775e+06
3.00171e+06 2.15458e+07 -5.24562e+06 -3.00171e+06 -2.15458e+07 -3.75949e+06
3.08157e+06 2.16104e+07 -5.32463e+06 -3.08157e+06 -2.16104e+07 -3.92009e+06
3.15608e+06 2.16708e+07 -5.39787e+06 -3.15608e+06 -2.16708e+07 -4.07036e+06
3.22577e+06 2.17274e+07 -5.46624e+06 -3.22577e+06 -2.17274e+07 -4.21107e+06
3.29112e+06 2.17803e+07 -5.53048e+06 -3.29112e+06 -2.17803e+07 -4.34289e+06
3.35256e+06 2.18299e+07 -5.5912e+06 -3.35256e+06 -2.18299e+07 -4.46648e+06
3.41043e+06 2.18764e+07 -5.64891e+06 -3.41043e+06 -2.18764e+07 -4.5824e+06
3.46507e+06 2.192e+07 -5.70401e+06 -3.46507e+06 -2.192e+07 -4.6912e+06
3.51675e+06 2.19609e+07 -5.75685e+06 -3.51675e+06 -2.19609e+07 -4.7934e+06
3.56572e+06 2.19994e+07 -5.80771e+06 -3.56572e+06 -2.19994e+07 -4.88945e+06
3.6122e+06 2.20355e+07 -5.85682e+06 -3.6122e+06 -2.20355e+07 -4.97979e+06
3.6564e+06 2.20696e+07 -5.90438e+06 -3.6564e+06 -2.20696e+07 -5.06483e+06
3.6985e+06 2.21016e+07 -5.95056e+06 -3.6985e+06 -2.21016e+07 -5.14495e+06
3.73866e+06 2.21318e+07 -5.99549e+06 -3.73866e+06 -2.21318e+07 -5.2205e+06
3.77704e+06 2.21603e+07 -6.03929e+06 -3.77704e+06 -2.21603e+07 -5.29183e+06
3.81376e+06 2.21872e+07 -6.08205e+06 -3.81376e+06 -2.21872e+07 -5.35922e+06
3.84895e+06 2.22126e+07 -6.12386e+06 -3.84895e+06 -2.22126e+07 -5.42298e+06
3.88273e+06 2.22367e+07 -6.1648e+06 -3.88273e+06 -2.22367e+07 -5.48338e+06
3.91519e+06 2.22596e+07 -6.20492e+06 -3.91519e+06 -2.22596e+07 -5.54065e+06
3.94644e+06 2.22812e+07 -6.24428e+06 -3.94644e+06 -2.22812e+07 -5.59504e+06
3.97656e+06 2.23019e+07 -6.28292e+06 -3.97656e+06 -2.23019e+07 -5.64676e+06
4.00562e+06 2.23215e+07 -6.32087e+06 -4.00562e+06 -2.23215e+07 -5.696e+06
4.03371e+06 2.23402e+07 -6.35819e+06 -4.03371e+06 -2.23402e+07 -5.74296e+06
4.06089e+06 2.23581e+07 -6.39488e+06 -4.06089e+06 -2.23581e+07 -5.7878e+06
4.08722e+06 2.23752e+07 -6.43098e+06 -4.08722e+06 -2.23752e+07 -5.83069e+06
4.11276e+06 2.23916e+07 -6.46652e+06 -4.11276e+06 -2.23916e+07 -5.87176e+06
4.13755e+06 2.24073e+07 -6.5015e+06 -4.13755e+06 -2.24073e+07 -5.91116e+06
4.16165e+06 2.24224e+07 -6.53594e+06 -4.16165e+06 -2.24224e+07 -5.949e+06
4.18509e+06 2.24369e+07 -6.56987e+06 -4.18509e+06 -2.24369e+07 -5.98541e+06
4.20792e+06 2.24509e+07 -6.60329e+06 -4.20792e+06 -2.24509e+07 -6.02048e+06
4.23018e+06 2.24644e+07 -6.63621e+06 -4.23018e+06 -2.24644e+07 -6.05432e+06
4.25189e+06 2.24774e+07 -6.66865e+06 -4.25189e+06 -2.24774e+07 -6.08702e+06
4.27309e+06 2.249e+07 -6.70061e+06 -4.27309e+06 -2.249e+07 -6.11865e+06
4.2938e+06 2.25023e+07 -6.7321e+06 -4.2938e+06 -2.25023e+07 -6.14929e+06
4.31405e+06 2.25141e+07 -6.76313e+06 -4.31405e+06 -2.25141e+07 -6.17902e+06
4.33387e+06 2.25257e+07 -6.7937e+06 -4.33387e+06 -2.25257e+07 -6.2079e+06
4.35327e+06 2.25369e+07 -6.82382e+06 -4.35327e+06 -2.25369e+07 -6.23598e+06
4.37227e+06 2.25478e+07 -6.8535e+06 -4.37227e+06 -2.25478e+07 -6.26332e+06
4.3909e+06 2.25584e+07 -6.88274e+06 -4.3909e+06 -2.25584e+07 -6.28997e+06
4.40917e+06 2.25688e+07 -6.91154e+06 -4.40917e+06 -2.25688e+07 -6.31598e+06
4.4271e+06 2.2579e+07 -6.93992e+06 -4.4271e+06 -2.2579e+07 -6.34138e+06
4.4447e+06 2.25889e+07 -6.96787e+06 -4.4447e+06 -2.25889e+07 -6.36623e+06
4.46198e+06 2.25986e+07 -6.9954e+06 -4.46198e+06 -2.25986e+07 -6.39054e+06
4.47896e+06 2.26081e+07 -7.02251e+06 -4.47896e+06 -2.26081e+07 -6.41436e+06
4.49565e+06 2.26174e+07 -7.04922e+06 -4.49565e+06 -2.26174e+07 -6.43772e+06
4.51205e+06 2.26266e+07 -7.07552e+06 -4.51205e+06 -2.26266e+07 -6.46064e+06
4.52818e+06 2.26356e+07 -7.10141e+06 -4.52818e+06 -2.26356e+07 -6.48313e+06
4.54405e+06 2.26444e+07 -7.12692e+06 -4.54405e+06 -2.26444e+07 -6.50523e+06
4.55966e+06 2.26531e+07 -7.15203e+06 -4.55966e+06 -2.26531e+07 -6.52696e+06
4.57504e+06 2.26617e+07 -7.17675e+06 -4.57504e+06 -2.26617e+07 -6.54835e+06
4.59017e+06 2.26701e+07 -7.2011e+06 -4.59017e+06 -2.26701e+07 -6.56942e+06
4.60509e+06 2.26784e+07 -7.22508e+06 -4.60509e+06 -2.26784e+07 -6.59018e+06
4.61978e+06 2.26866e+07 -7.24868e+06 -4.61978e+06 -2.26866e+07 -6.61066e+06
4.63426e+06 2.26947e+07 -7.27193e+06 -4.63426e+06 -2.26947e+07 -6.63086e+06
4.64854e+06 2.27026e+07 -7.29482e+06 -4.64854e+06 -2.27026e+07 -6.6508e+06
4.66262e+06 2.27105e+07 -7.31736e+06 -4.66262e+06 -2.27105e+07 -6.6705e+06
4.67651e+06 2.27183e+07 -7.33956e+06 -4.67651e+06 -2.27183e+07 -6.68997e+06
4.69021e+06 2.2726e+07 -7.36143e+06 -4.69021e+06 -2.2726e+07 -6.70921e+06
4.70374e+06 2.27336e+07 -7.38296e+06 -4.70374e+06 -2.27336e+07 -6.72825e+06
4.71708e+06 2.27412e+07 -7.40417e+06 -4.71708e+06 -2.27412e+07 -6.74708e+06
4.73026e+06 2.27486e+07 -7.42507e+06 -4.73026e+06 -2.27486e+07 -6.76572e+06
4.74328e+06 2.2756e+07 -7.44566e+06 -4.74328e+06 -2.2756e+07 -6.78418e+06
4.75614e+06 2.27634e+07 -7.46595e+06 -4.75614e+06 -2.27634e+07 -6.80246e+06
4.76884e+06 2.27706e+07 -7.48594e+06 -4.76884e+06 -2.27706e+07 -6.82057e+06
4.78139e+06 2.27778e+07 -7.50565e+06 -4.78139e+06 -2.27778e+07 -6.83852e+06
4.7938e+06 2.27849e+07 -7.52508e+06 -4.7938e+06 -2.27849e+07 -6.85632e+06
4.80607e+06 2.2792e+07 -7.54423e+06 -4.80607e+06 -2.2792e+07 -6.87397e+06
4.8182e+06 2.2799e+07 -7.56311e+06 -4.8182e+06 -2.2799e+07 -6.89147e+06
4.83019e+06 2.2806e+07 -7.58174e+06 -4.83019e+06 -2.2806e+07 -6.90884e+06
4.84206e+06 2.28129e+07 -7.60011e+06 -4.84206e+06 -2.28129e+07 -6.92607e+06
4.8538e+06 2.28197e+07 -7.61824e+06 -4.8538e+06 -2.28197e+07 -6.94317e+06
4.86542e+06 2.28265e+07 -7.63612e+06 -4.86542e+06 -2.28265e+07 -6.96015e+06
4.87693e+06 2.28333e+07 -7.65378e+06 -4.87693e+06 -2.28333e+07 -6.97701e+06
4.88832e+06 2.284e+07 -7.6712e+06 -4.88832e+06 -2.284e+07 -6.99375e+06
4.89959e+06 2.28467e+07 -7.68841e+06 -4.89959e+06 -2.28467e+07 -7.01037e+06
4.03231e+06 2.24435e+07 -6.10105e+06 -4.03231e+06 -2.24435e+07 -5.99587e+06
3.19102e+06 2.20495e+07 -4.56848e+06 -3.19102e+06 -2.20495e+07 -5.00459e+06
2.3896e+06 2.16696e+07 -3.119e+06 -2.3896e+06 -2.16696e+07 -4.0498e+06
1.63755e+06 2.13077e+07 -1.77177e+06 -1.63755e+06 -2.13077e+07 -3.14089e+06
941051 2.09662e+07 -539051 -941051 -2.09662e+07 -2.2841e+06
303217 2.06465e+07 573179 -303217 -2.06465e+07 -1.48283e+06
-275474 2.03489e+07 1.56449e+06 275474 -2.03489e+07 -738064
-796701 2.00733e+07 2.439e+06 796701 -2.00733e+07 -48901.6
-1.26371e+06 1.98188e+07 3.20422e+06 1.26371e+06 -1.98188e+07 586897
-1.6807e+06 1.95841e+07 3.8697e+06 1.6807e+06 -1.95841e+07 1.17239e+06
-2.05234e+06 1.93681e+07 4.44596e+06 2.05234e+06 -1.93681e+07 1.71106e+06
-2.38333e+06 1.91691e+07 4.94354e+06 2.38333e+06 -1.91691e+07 2.20646e+06
-2.6782e+06 1.8986e+07 5.37252e+06 2.6782e+06 -1.8986e+07 2.66208e+06
-2.94112e+06 1.88175e+07 5.74211e+06 2.94112e+06 -1.88175e+07 3.08124e+06
-3.17589e+06 1.86622e+07 6.06064e+06 3.17589e+06 -1.86622e+07 3.46703e+06
-3.38592e+06 1.85191e+07 6.33546e+06 3.38592e+06 -1.85191e+07 3.82229e+06
-3.57424e+06 1.83872e+07 6.57306e+06 3.57424e+06 -1.83872e+07 4.14966e+06
-3.74355e+06 1.82655e+07 6.77909e+06 3.74355e+06 -1.82655e+07 4.45156e+06
-3.89621e+06 1.81532e+07 6.95844e+06 3.89621e+06 -1.81532e+07 4.73018e+06
-4.03431e+06 1.80494e+07 7.11535e+06 4.03431e+06 -1.80494e+07 4.98757e+06
-4.15967e+06 1.79534e+07 7.25344e+06 4.15967e+06 -1.79534e+07 5.22557e+06
-4.27389e+06 1.78645e+07 7.37581e+06 4.27389e+06 -1.78645e+07 5.44585e+06
-4.37833e+06 1.77822e+07 7.48507e+06 4.37833e+06 -1.77822e+07 5.64993e+06
-4.4742e+06 1.77058e+07 7.58341e+06 4.4742e+06 -1.77058e+07 5.83919e+06
-4.56251e+06 1.7635e+07 7.67266e+06 4.56251e+06 -1.7635e+07 6.01486e+06
-4.64413e+06 1.75691e+07 7.75432e+06 4.64413e+06 -1.75691e+07 6.17807e+06
-4.71982e+06 1.75079e+07 7.82964e+06 4.71982e+06 -1.75079e+07 6.32983e+06
-4.79023e+06 1.7451e+07 7.89963e+06 4.79023e+06 -1.7451e+07 6.47106e+06
-4.85591e+06 1.7398e+07 7.96512e+06 4.85591e+06 -1.7398e+07 6.60261e+06
-4.91734e+06 1.73486e+07 8.02679e+06 4.91734e+06 -1.73486e+07 6.72523e+06
-4.97494e+06 1.73025e+07 8.08519e+06 4.97494e+06 -1.73025e+07 6.83963e+06
-5.02907e+06 1.72596e+07 8.14078e+06 5.02907e+06 -1.72596e+07 6.94644e+06
-5.08007e+06 1.72194e+07 8.19394e+06 5.08007e+06 -1.72194e+07 7.04626e+06
-5.1282e+06 1.71818e+07 8.24496e+06 5.1282e+06 -1.71818e+07 7.13963e+06
-5.17372e+06 1.71467e+07 8.29411e+06 5.17372e+06 -1.71467e+07 7.22704e+06
-5.21686e+06 1.71138e+07 8.3416e+06 5.21686e+06 -1.71138e+07 7.30896e+06
-5.25781e+06 1.70829e+07 8.38761e+06 5.25781e+06 -1.70829e+07 7.38582e+06
-5.29676e+06 1.70539e+07 8.43228e+06 5.29676e+06 -1.70539e+07 7.45801e+06
-5.33388e+06 1.70266e+07 8.47574e+06 5.33388e+06 -1.70266e+07 7.5259e+06
-5.3693e+06 1.7001e+07 8.51807e+06 5.3693e+06 -1.7001e+07 7.58983e+06
-5.40315e+06 1.69768e+07 8.55932e+06 5.40315e+06 -1.69768e+07 7.65012e+06
-5.43555e+06 1.6954e+07 8.5996e+06 5.43555e+06 -1.6954e+07 7.70706e+06
-5.46662e+06 1.69324e+07 8.63897e+06 5.46662e+06 -1.69324e+07 7.7609e+06
-5.49646e+06 1.69119e+07 8.6775e+06 5.49646e+06 -1.69119e+07 7.8119e+06
-5.52516e+06 1.68925e+07 8.71522e+06 5.52516e+06 -1.68925e+07 7.86026e+06
-5.55279e+06 1.68741e+07 8.75218e+06 5.55279e+06 -1.68741e+07 7.9062e+06
-5.57942e+06 1.68567e+07 8.7884e+06 5.57942e+06 -1.68567e+07 7.94986e+06
-5.6051e+06 1.684e+07 8.82393e+06 5.6051e+06 -1.684e+07 7.99137e+06
-5.62991e+06 1.68242e+07 8.85877e+06 5.62991e+06 -1.68242e+07 8.03095e+06
-5.65391e+06 1.6809e+07 8.89295e+06 5.65391e+06 -1.6809e+07 8.06878e+06
-5.67715e+06 1.67945e+07 8.92649e+06 5.67715e+06 -1.67945e+07 8.10497e+06
-5.69969e+06 1.67806e+07 8.9594e+06 5.69969e+06 -1.67806e+07 8.13967e+06
-5.72155e+06 1.67672e+07 8.99169e+06 5.72155e+06 -1.67672e+07 8.17297e+06
-5.74278e+06 1.67544e+07 9.02337e+06 5.74278e+06 -1.67544e+07 8.20498e+06
-5.76342e+06 1.6742e+07 9.05446e+06 5.76342e+06 -1.6742e+07 8.23579e+06
-5.78349e+06 1.67301e+07 9.08497e+06 5.78349e+06 -1.67301e+07 8.2655e+06
-5.80302e+06 1.67186e+07 9.1149e+06 5.80302e+06 -1.67186e+07 8.29416e+06
-5.82204e+06 1.67075e+07 9.14426e+06 5.82204e+06 -1.67075e+07 8.32187e+06
-5.84058e+06 1.66967e+07 9.17306e+06 5.84058e+06 -1.66967e+07 8.34867e+06
-5.85865e+06 1.66863e+07 9.20131e+06 5.85865e+06 -1.66863e+07 8.37464e+06
